src_id:int64	dst_id:int64	weight:double
598	3778	1.0
598	1813	1.0
598	934	1.0
598	5148	1.0
598	3044	1.0
598	2465	1.0
598	676	1.0
598	3494	1.0
598	3501	1.0
598	2867	1.0
598	3892	1.0
598	4153	1.0
598	4553	1.0
598	4408	1.0
598	2489	1.0
598	4282	1.0
598	5056	1.0
598	2242	1.0
598	1605	1.0
598	4167	1.0
598	1352	1.0
598	4681	1.0
598	4023	1.0
598	845	1.0
598	2901	1.0
598	4601	1.0
598	932	1.0
598	4058	1.0
598	4324	1.0
598	2277	1.0
598	4981	1.0
598	1270	1.0
598	1400	1.0
598	2553	1.0
676	2822	1.0
676	3778	1.0
676	1813	1.0
676	4233	1.0
676	5148	1.0
676	2465	1.0
676	932	1.0
676	934	1.0
676	3501	1.0
676	2867	1.0
676	3892	1.0
676	4153	1.0
676	1974	1.0
676	4553	1.0
676	2489	1.0
676	4282	1.0
676	2242	1.0
676	1605	1.0
676	4167	1.0
676	1352	1.0
676	4681	1.0
676	4023	1.0
676	845	1.0
676	2553	1.0
676	3044	1.0
676	4058	1.0
676	4324	1.0
676	2277	1.0
676	3494	1.0
676	4712	1.0
676	4981	1.0
676	1270	1.0
676	1400	1.0
676	4601	1.0
845	2822	1.0
845	4233	1.0
845	2606	1.0
845	5148	1.0
845	3385	1.0
845	3742	1.0
845	2465	1.0
845	1926	1.0
845	934	1.0
845	1820	1.0
845	3501	1.0
845	2867	1.0
845	3892	1.0
845	4153	1.0
845	1974	1.0
845	4408	1.0
845	2489	1.0
845	4282	1.0
845	5056	1.0
845	3778	1.0
845	1605	1.0
845	4167	1.0
845	1352	1.0
845	4681	1.0
845	4023	1.0
845	4601	1.0
845	4058	1.0
845	3238	1.0
845	1890	1.0
845	4324	1.0
845	2277	1.0
845	1400	1.0
845	2553	1.0
845	1813	1.0
2867	4233	1.0
2867	4752	1.0
2867	3778	1.0
2867	4509	1.0
2867	3892	1.0
2867	4408	1.0
2867	4282	1.0
2867	4681	1.0
2867	4167	1.0
2867	4553	1.0
2867	2901	1.0
2867	4601	1.0
2867	3044	1.0
2867	4058	1.0
2867	4324	1.0
2867	3494	1.0
2867	4023	1.0
2901	3778	1.0
2901	4233	1.0
2901	3738	1.0
2901	5148	1.0
2901	3044	1.0
2901	3238	1.0
2901	3501	1.0
2901	3892	1.0
2901	4153	1.0
2901	4553	1.0
2901	4408	1.0
2901	4282	1.0
2901	3771	1.0
2901	5056	1.0
2901	4167	1.0
2901	4681	1.0
2901	3018	1.0
2901	4023	1.0
2901	4725	1.0
2901	4058	1.0
2901	4188	1.0
2901	4324	1.0
2901	3494	1.0
2901	4981	1.0
2901	4601	1.0
4058	4233	1.0
4058	5148	1.0
4058	4153	1.0
4058	4408	1.0
4058	4282	1.0
4058	5056	1.0
4058	4681	1.0
4058	4167	1.0
4058	4553	1.0
4058	4601	1.0
4058	4324	1.0
4058	4981	1.0
4282	5141	1.0
4282	5148	1.0
4282	4639	1.0
4282	4998	1.0
4282	5177	1.0
4282	4408	1.0
4282	5056	1.0
4282	4681	1.0
4282	4804	1.0
4282	4553	1.0
4282	4601	1.0
4282	4324	1.0
4282	4835	1.0
4282	4981	1.0
1375	4969	1.0
1375	3946	1.0
1375	1643	1.0
1375	1833	1.0
1375	3309	1.0
1375	1874	1.0
1375	3346	1.0
1375	3964	1.0
1375	1834	1.0
1375	1438	1.0
1833	1959	1.0
1833	3346	1.0
1833	3309	1.0
1833	1874	1.0
1833	1834	1.0
1833	3964	1.0
1833	3946	1.0
1874	1959	1.0
1874	3309	1.0
1874	4969	1.0
1874	3346	1.0
1874	3964	1.0
1874	3946	1.0
3309	4969	1.0
3309	3946	1.0
3309	3346	1.0
3346	4969	1.0
3346	3964	1.0
3346	3946	1.0
3946	4969	1.0
3946	3964	1.0
680	2787	1.0
680	3237	1.0
680	966	1.0
680	4488	1.0
680	3273	1.0
680	2796	1.0
680	2031	1.0
680	1969	1.0
680	3166	1.0
680	4022	1.0
680	2903	1.0
680	4409	1.0
680	4510	1.0
966	4488	1.0
966	2787	1.0
966	3237	1.0
966	3273	1.0
966	2796	1.0
966	1969	1.0
966	4022	1.0
966	2903	1.0
966	4409	1.0
966	3166	1.0
1969	3237	1.0
1969	3273	1.0
1969	2796	1.0
1969	2031	1.0
1969	4488	1.0
1969	3166	1.0
1969	4022	1.0
1969	2903	1.0
1969	4409	1.0
1969	4510	1.0
2031	4488	1.0
2031	2787	1.0
2031	3237	1.0
2031	3273	1.0
2031	2796	1.0
2031	3166	1.0
2031	4022	1.0
2031	2903	1.0
2031	4409	1.0
2031	4510	1.0
3273	4488	1.0
3273	4022	1.0
3273	4409	1.0
3273	4510	1.0
4409	4488	1.0
4409	4510	1.0
2916	4960	1.0
2916	3075	1.0
2916	3021	1.0
2916	3675	1.0
2916	4936	1.0
2916	3794	1.0
2916	4674	1.0
2916	3061	1.0
2916	3063	1.0
2916	3480	1.0
2916	3963	1.0
2916	3477	1.0
3021	4960	1.0
3021	4937	1.0
3021	3963	1.0
3021	4674	1.0
3021	4936	1.0
3021	3794	1.0
3021	3075	1.0
3021	3477	1.0
3021	3063	1.0
3021	3480	1.0
3021	3675	1.0
3021	3061	1.0
3061	4960	1.0
3061	4937	1.0
3061	3675	1.0
3061	4936	1.0
3061	3794	1.0
3061	4674	1.0
3061	3477	1.0
3061	3063	1.0
3061	3480	1.0
3061	3963	1.0
3477	4960	1.0
3477	4937	1.0
3477	3675	1.0
3477	4936	1.0
3477	3794	1.0
3477	4674	1.0
3477	3480	1.0
3477	3963	1.0
4674	4936	1.0
855	3493	1.0
855	2321	1.0
855	2358	1.0
855	1530	1.0
855	1467	1.0
855	5189	1.0
2321	3493	1.0
2321	3495	1.0
2358	3524	1.0
2358	3493	1.0
2358	4846	1.0
1021	1306	1.0
1021	4892	1.0
1021	3873	1.0
1021	4131	1.0
1021	2076	1.0
1021	1199	1.0
1021	5047	1.0
1021	4920	1.0
1021	3274	1.0
1021	1856	1.0
1021	1089	1.0
1021	5066	1.0
1021	3151	1.0
1021	4950	1.0
1021	2920	1.0
1021	1258	1.0
1021	2046	1.0
1258	3693	1.0
2076	4163	1.0
2076	4206	1.0
4131	5066	1.0
2618	5142	1.0
2618	4493	1.0
2618	4629	1.0
2618	4127	1.0
2618	3756	1.0
2618	3760	1.0
2618	4785	1.0
2618	2619	1.0
2618	3913	1.0
2618	3151	1.0
2618	4323	1.0
2618	4579	1.0
2618	4711	1.0
2618	4987	1.0
2619	4579	1.0
2619	2995	1.0
3913	4711	1.0
431	5006	1.0
431	2575	1.0
431	4241	1.0
431	1309	1.0
431	752	1.0
431	3115	1.0
431	2479	1.0
431	4404	1.0
431	1464	1.0
431	2868	1.0
431	1351	1.0
431	3791	1.0
431	721	1.0
431	724	1.0
431	569	1.0
431	1882	1.0
431	2399	1.0
431	616	1.0
431	746	1.0
431	2928	1.0
431	4088	1.0
569	721	1.0
569	616	1.0
569	746	1.0
569	4088	1.0
569	5006	1.0
569	752	1.0
569	4241	1.0
569	724	1.0
569	2479	1.0
569	2868	1.0
569	2936	1.0
569	4404	1.0
569	1882	1.0
569	2575	1.0
569	1309	1.0
569	3791	1.0
569	2399	1.0
2479	3971	1.0
2479	4404	1.0
2479	3115	1.0
2479	2575	1.0
2479	4241	1.0
2479	4088	1.0
2479	3791	1.0
3115	5006	1.0
3115	4241	1.0
3115	4404	1.0
3115	3791	1.0
3115	4088	1.0
4088	5006	1.0
4088	4241	1.0
589	1282	1.0
589	2339	1.0
589	2179	1.0
589	3813	1.0
589	925	1.0
589	2350	1.0
589	3805	1.0
589	1682	1.0
589	1268	1.0
589	2967	1.0
589	892	1.0
589	2045	1.0
589	1662	1.0
1662	2967	1.0
2045	2210	1.0
2045	3813	1.0
2045	2772	1.0
2045	2967	1.0
2339	2350	1.0
2339	2967	1.0
2339	3805	1.0
2350	2967	1.0
1502	2582	1.0
1502	2059	1.0
1502	3523	1.0
1502	1951	1.0
1502	4771	1.0
1502	2955	1.0
1502	2862	1.0
1502	4015	1.0
1502	3636	1.0
1502	3255	1.0
1502	4157	1.0
1502	3007	1.0
1502	4946	1.0
1502	2905	1.0
1502	2493	1.0
1502	1555	1.0
2493	2955	1.0
2493	2956	1.0
2493	3097	1.0
2493	2846	1.0
2493	4771	1.0
2493	4269	1.0
2493	2862	1.0
2493	4015	1.0
2493	4530	1.0
2493	3636	1.0
2493	3255	1.0
2493	3764	1.0
2493	3900	1.0
2493	4158	1.0
2493	3007	1.0
2493	3523	1.0
2493	4946	1.0
2493	2905	1.0
2493	3686	1.0
2493	2539	1.0
2493	3960	1.0
2493	3834	1.0
2955	2956	1.0
2955	3097	1.0
2955	4892	1.0
2955	4771	1.0
2955	4902	1.0
2955	4269	1.0
2955	4015	1.0
2955	4912	1.0
2955	4530	1.0
2955	3636	1.0
2955	3255	1.0
2955	3900	1.0
2955	3005	1.0
2955	4158	1.0
2955	3007	1.0
2955	4946	1.0
2955	3935	1.0
2955	3686	1.0
2955	4332	1.0
2955	4157	1.0
2955	4776	1.0
2955	3960	1.0
2955	3834	1.0
3255	3523	1.0
3255	4771	1.0
3255	4015	1.0
3255	4530	1.0
3255	3636	1.0
3255	3764	1.0
3255	4157	1.0
3255	4946	1.0
3255	3686	1.0
3255	3960	1.0
3255	3834	1.0
4015	4771	1.0
4015	4269	1.0
4015	4530	1.0
4015	4157	1.0
4015	4158	1.0
4015	4946	1.0
1565	3332	1.0
1565	2123	1.0
1565	1934	1.0
1565	2628	1.0
1565	4691	1.0
1565	4692	1.0
1565	3831	1.0
1565	2676	1.0
1565	4540	1.0
2123	3694	1.0
491	1290	1.0
491	3755	1.0
491	5196	1.0
491	3437	1.0
491	4943	1.0
491	4435	1.0
491	1396	1.0
491	2997	1.0
491	762	1.0
491	4762	1.0
1396	2049	1.0
1396	5196	1.0
1396	3437	1.0
1396	3086	1.0
1396	4435	1.0
1396	3351	1.0
1396	4943	1.0
1396	4762	1.0
3755	5196	1.0
3755	4943	1.0
3755	4435	1.0
3755	4762	1.0
4943	5196	1.0
1277	2560	1.0
1277	1410	1.0
1277	4490	1.0
1277	1562	1.0
1277	3490	1.0
1277	1324	1.0
1277	4910	1.0
1277	4913	1.0
1277	1714	1.0
1277	1334	1.0
1277	4935	1.0
1277	3530	1.0
1277	3531	1.0
1277	2764	1.0
1277	2656	1.0
1277	3683	1.0
1277	2668	1.0
1277	1526	1.0
1277	1915	1.0
1714	2560	1.0
1714	4490	1.0
1714	2799	1.0
1714	3490	1.0
1714	4935	1.0
1714	4910	1.0
1714	4913	1.0
1714	3527	1.0
1714	3530	1.0
1714	3531	1.0
1714	2764	1.0
1714	5207	1.0
1714	2656	1.0
1714	3683	1.0
1714	2917	1.0
1714	3577	1.0
1714	1915	1.0
3531	4490	1.0
3531	4935	1.0
3531	4910	1.0
3531	4913	1.0
3531	5207	1.0
3531	3683	1.0
3531	3577	1.0
4910	4935	1.0
4910	4913	1.0
4910	5207	1.0
554	2833	1.0
554	4754	1.0
554	1052	1.0
554	2591	1.0
554	4769	1.0
554	2733	1.0
554	3759	1.0
554	2740	1.0
554	1207	1.0
554	2616	1.0
554	5179	1.0
554	1348	1.0
554	2119	1.0
554	5205	1.0
554	4456	1.0
554	4329	1.0
554	1149	1.0
554	725	1.0
1149	4898	1.0
1149	3519	1.0
2616	5120	1.0
2267	3623	1.0
2267	4735	1.0
2267	4184	1.0
2267	3907	1.0
2267	3867	1.0
2267	2556	1.0
2267	4413	1.0
2267	4542	1.0
2267	4479	1.0
3867	3907	1.0
3867	4735	1.0
3867	4570	1.0
3867	4413	1.0
3867	4542	1.0
3867	4479	1.0
3907	4735	1.0
3907	4184	1.0
3907	4570	1.0
3907	4413	1.0
3907	4542	1.0
3907	4479	1.0
4479	4570	1.0
4479	4542	1.0
4479	4735	1.0
2761	4737	1.0
2761	4461	1.0
2761	3252	1.0
226	2883	1.0
226	1575	1.0
226	1292	1.0
226	3188	1.0
226	4100	1.0
1575	2954	1.0
1575	3151	1.0
1575	2992	1.0
1575	3635	1.0
1575	4283	1.0
1575	4671	1.0
2883	4100	1.0
3660	4422	1.0
3660	4105	1.0
3660	4363	1.0
3660	4888	1.0
3660	4048	1.0
3660	4280	1.0
4422	4734	1.0
4422	4543	1.0
409	2816	1.0
409	1455	1.0
409	2577	1.0
409	2611	1.0
409	2965	1.0
409	1719	1.0
409	4477	1.0
1455	2965	1.0
2577	3136	1.0
2577	3894	1.0
2577	4916	1.0
2577	4822	1.0
2577	5179	1.0
2577	4988	1.0
2577	3133	1.0
2965	4477	1.0
2138	2202	1.0
2138	3761	1.0
2138	4513	1.0
2202	3761	1.0
127	2404	1.0
127	2470	1.0
127	2632	1.0
127	4810	1.0
127	2347	1.0
127	3311	1.0
127	4399	1.0
127	196	1.0
127	3286	1.0
127	1847	1.0
127	3588	1.0
127	2511	1.0
127	1692	1.0
127	1598	1.0
127	437	1.0
1598	3588	1.0
1598	1902	1.0
1598	2511	1.0
1598	3286	1.0
1598	2462	1.0
2632	3286	1.0
58	933	1.0
58	1415	1.0
58	2824	1.0
58	1673	1.0
58	363	1.0
58	3596	1.0
58	4583	1.0
58	3792	1.0
58	3608	1.0
58	214	1.0
58	87	1.0
58	3512	1.0
58	4542	1.0
214	4583	1.0
214	933	1.0
214	3608	1.0
214	1415	1.0
214	2824	1.0
214	1673	1.0
214	3735	1.0
214	3596	1.0
214	785	1.0
214	3512	1.0
214	363	1.0
214	4542	1.0
3792	4583	1.0
3792	4542	1.0
37	3452	1.0
37	1706	1.0
37	3414	1.0
3414	3452	1.0
92	4362	1.0
92	3434	1.0
92	2949	1.0
3434	4742	1.0
2139	2667	1.0
2139	4652	1.0
2139	3767	1.0
2139	4474	1.0
206	2673	1.0
206	4402	1.0
206	1208	1.0
206	3146	1.0
206	2079	1.0
2079	4402	1.0
2116	3650	1.0
2116	2454	1.0
2116	3098	1.0
3098	3704	1.0
3098	3650	1.0
261	3426	1.0
261	636	1.0
261	3202	1.0
261	4127	1.0
636	1801	1.0
636	3690	1.0
636	2638	1.0
34	3307	1.0
34	1427	1.0
1427	3307	1.0
3659	3659	1.0
3659	4125	1.0
3659	3667	1.0
3659	4731	1.0
3659	3901	1.0
379	3337	1.0
379	2666	1.0
379	2295	1.0
379	4940	1.0
379	4077	1.0
379	4207	1.0
379	919	1.0
379	1877	1.0
379	3319	1.0
379	5241	1.0
379	1209	1.0
4207	5241	1.0
2598	3984	1.0
2598	3076	1.0
2598	3698	1.0
3076	3830	1.0
3076	4940	1.0
3984	4445	1.0
3629	4448	1.0
3629	4645	1.0
3629	4233	1.0
3629	4597	1.0
3629	5173	1.0
3629	3801	1.0
3629	4764	1.0
3629	3935	1.0
2926	4275	1.0
2926	3542	1.0
3542	4275	1.0
1702	1897	1.0
1702	1982	1.0
287	2884	1.0
287	2762	1.0
287	750	1.0
287	497	1.0
287	3732	1.0
287	1838	1.0
287	1848	1.0
1838	2762	1.0
1838	2884	1.0
1694	3457	1.0
1694	4642	1.0
4642	4820	1.0
36	4518	1.0
36	4847	1.0
36	3891	1.0
36	3421	1.0
36	4829	1.0
3421	4829	1.0
1689	3006	1.0
1689	2600	1.0
1689	2859	1.0
1689	1831	1.0
1689	2718	1.0
1689	4759	1.0
1689	1816	1.0
1689	3774	1.0
1816	2859	1.0
3774	4436	1.0
1670	4421	1.0
1670	3196	1.0
1670	4138	1.0
1670	1739	1.0
1670	4494	1.0
1670	4176	1.0
1670	4596	1.0
1670	3989	1.0
1670	3575	1.0
1670	3994	1.0
1670	1947	1.0
1670	4412	1.0
3196	4421	1.0
3196	4494	1.0
3196	3989	1.0
3196	3575	1.0
3196	3994	1.0
4138	4176	1.0
4138	4494	1.0
4138	4596	1.0
4138	4412	1.0
4138	4533	1.0
388	1185	1.0
388	1129	1.0
388	1654	1.0
388	3997	1.0
3347	4923	1.0
3347	4425	1.0
3347	3439	1.0
3347	3825	1.0
3347	3771	1.0
3347	3356	1.0
3347	4029	1.0
3347	4041	1.0
3347	3679	1.0
1871	1973	1.0
1871	2390	1.0
1973	3556	1.0
2390	3556	1.0
1101	3749	1.0
1101	3469	1.0
1101	1848	1.0
1101	4884	1.0
1101	4927	1.0
1101	2526	1.0
1101	3231	1.0
493	2990	1.0
493	2639	1.0
493	1425	1.0
493	3507	1.0
493	1652	1.0
493	3318	1.0
493	3479	1.0
493	1562	1.0
493	1754	1.0
1425	3507	1.0
1425	2795	1.0
532	2193	1.0
532	3954	1.0
532	4999	1.0
3954	4147	1.0
3954	4999	1.0
1248	4675	1.0
1248	1686	1.0
1248	1916	1.0
1248	4319	1.0
1686	1916	1.0
3549	4763	1.0
3549	4581	1.0
3549	3751	1.0
3549	4209	1.0
3549	3958	1.0
3549	5221	1.0
4581	4777	1.0
4581	4763	1.0
2702	2851	1.0
2702	3323	1.0
2702	3544	1.0
2702	4027	1.0
2851	4027	1.0
2851	5183	1.0
155	2211	1.0
155	1352	1.0
155	1001	1.0
155	3690	1.0
155	427	1.0
155	2578	1.0
155	1369	1.0
155	2809	1.0
427	2211	1.0
427	4836	1.0
427	1352	1.0
427	1001	1.0
427	3690	1.0
427	4580	1.0
427	2578	1.0
427	4695	1.0
427	1369	1.0
1369	4998	1.0
1369	2578	1.0
1369	2211	1.0
1369	1964	1.0
1369	3124	1.0
1369	4681	1.0
1369	4695	1.0
1369	4698	1.0
1369	3426	1.0
1369	3427	1.0
1369	4580	1.0
1369	3690	1.0
1369	4975	1.0
1369	3957	1.0
1369	2809	1.0
1369	2813	1.0
4178	5059	1.0
4178	4533	1.0
4178	5051	1.0
909	4251	1.0
909	2844	1.0
909	4437	1.0
338	3429	1.0
338	3974	1.0
338	3014	1.0
338	3151	1.0
338	2908	1.0
685	2571	1.0
685	4076	1.0
685	991	1.0
685	745	1.0
1009	3849	1.0
1009	1553	1.0
1009	4247	1.0
1009	2714	1.0
1009	4382	1.0
1009	3494	1.0
1009	2092	1.0
1009	2365	1.0
1009	2115	1.0
1009	3535	1.0
1009	3154	1.0
1009	3155	1.0
1009	4701	1.0
1009	2528	1.0
1553	4116	1.0
1553	3189	1.0
4635	4739	1.0
4635	4740	1.0
1012	1940	1.0
1012	3197	1.0
1940	2417	1.0
1940	3197	1.0
317	2352	1.0
317	819	1.0
317	1214	1.0
1036	3043	1.0
1036	3822	1.0
1036	2190	1.0
1036	1518	1.0
1036	1552	1.0
1036	1038	1.0
1036	2774	1.0
1036	1976	1.0
1036	1563	1.0
1036	2879	1.0
1552	5067	1.0
1552	3698	1.0
1552	4892	1.0
2879	3435	1.0
2879	2897	1.0
2879	3839	1.0
668	1505	1.0
668	2146	1.0
668	737	1.0
668	4296	1.0
668	778	1.0
668	4498	1.0
668	1563	1.0
668	4508	1.0
668	2495	1.0
1505	4806	1.0
2329	3034	1.0
2329	4350	1.0
3034	3203	1.0
3034	3379	1.0
3034	3413	1.0
3034	4311	1.0
4350	5125	1.0
240	433	1.0
240	4468	1.0
240	4848	1.0
240	2641	1.0
240	786	1.0
240	2836	1.0
240	5129	1.0
240	3353	1.0
240	2811	1.0
433	2641	1.0
433	4468	1.0
433	2487	1.0
433	4376	1.0
433	2772	1.0
433	2811	1.0
433	1244	1.0
2836	4455	1.0
2836	3405	1.0
2836	4344	1.0
2836	3605	1.0
2836	4920	1.0
2836	3353	1.0
677	5127	1.0
677	5140	1.0
229	2387	1.0
229	3403	1.0
229	941	1.0
229	3668	1.0
229	4150	1.0
941	1603	1.0
941	4420	1.0
941	4551	1.0
941	2387	1.0
941	3884	1.0
941	989	1.0
941	3026	1.0
941	4963	1.0
941	952	1.0
941	3972	1.0
941	4029	1.0
941	3646	1.0
318	1089	1.0
318	4823	1.0
318	1240	1.0
318	4476	1.0
318	3965	1.0
709	2980	1.0
709	1667	1.0
709	3321	1.0
709	4441	1.0
709	1435	1.0
2980	4436	1.0
702	3795	1.0
702	884	1.0
995	1615	1.0
995	3952	1.0
995	2840	1.0
1578	3580	1.0
1578	4541	1.0
703	3478	1.0
1609	4748	1.0
1609	2730	1.0
1609	2092	1.0
3022	3378	1.0
3022	4618	1.0
3023	3707	1.0
1599	4680	1.0
1596	4459	1.0
3033	4396	1.0
1584	3927	1.0
1583	2403	1.0
305	1551	1.0
3052	4644	1.0
3052	3368	1.0
3052	4650	1.0
3052	4587	1.0
3052	4816	1.0
3052	5110	1.0
3052	4315	1.0
4315	4650	1.0
4315	4816	1.0
4315	5110	1.0
4315	4727	1.0
320	2996	1.0
53	1520	1.0
3181	3788	1.0
3181	4753	1.0
3181	3988	1.0
531	1254	1.0
531	3287	1.0
1349	1469	1.0
292	3651	1.0
292	2871	1.0
1461	4497	1.0
1645	2811	1.0
1645	4868	1.0
1645	4942	1.0
1684	2629	1.0
1684	2670	1.0
1684	2833	1.0
1684	3758	1.0
2951	3481	1.0
514	2409	1.0
2409	4206	1.0
2409	4163	1.0
2409	4707	1.0
2409	4218	1.0
168	4071	1.0
296	4659	1.0
296	4951	1.0
296	1687	1.0
1366	2755	1.0
1366	2060	1.0
2060	2755	1.0
3921	5060	1.0
3921	4626	1.0
4626	5060	1.0
1668	4109	1.0
1668	4338	1.0
1668	2423	1.0
1668	1885	1.0
1668	2462	1.0
1658	4797	1.0
4797	4990	1.0
4797	4798	1.0
391	3863	1.0
39	632	1.0
39	2262	1.0
39	3944	1.0
3897	4729	1.0
5206	5213	1.0
5206	5214	1.0
1638	4970	1.0
1638	3159	1.0
1638	3535	1.0
1628	4237	1.0
397	3576	1.0
3576	4280	1.0
701	1451	1.0
701	2604	1.0
3879	4592	1.0
3004	3609	1.0
3712	5098	1.0
1683	5192	1.0
1683	3788	1.0
1683	3468	1.0
1683	5008	1.0
1683	2142	1.0
2142	5192	1.0
2142	3788	1.0
2142	3468	1.0
6	2219	1.0
6	4948	1.0
6	3823	1.0
2219	4948	1.0
2219	3823	1.0
150	4210	1.0
150	2581	1.0
141	4787	1.0
31	164	1.0
31	2961	1.0
31	1422	1.0
31	1937	1.0
31	3029	1.0
31	3319	1.0
3158	4321	1.0
3158	4840	1.0
3158	4311	1.0
3158	4254	1.0
374	1895	1.0
3798	3942	1.0
3942	5179	1.0
1495	5221	1.0
1495	2793	1.0
1495	4113	1.0
142	5227	1.0
142	1953	1.0
142	3845	1.0
142	1479	1.0
142	875	1.0
142	5237	1.0
142	2462	1.0
875	1479	1.0
1431	5234	1.0
1431	4324	1.0
1431	2798	1.0
2798	5234	1.0
2798	4324	1.0
634	3013	1.0
1481	2349	1.0
3116	4457	1.0
3116	5107	1.0
3116	4302	1.0
3116	4819	1.0
3116	3198	1.0
4302	5107	1.0
1448	2857	1.0
1448	3374	1.0
1448	4637	1.0
1448	3054	1.0
1448	3349	1.0
1448	1449	1.0
1448	5021	1.0
1449	2857	1.0
1449	3374	1.0
1449	3054	1.0
1449	4637	1.0
1457	4613	1.0
1457	3118	1.0
1457	4304	1.0
1457	5107	1.0
1457	4628	1.0
1457	1943	1.0
1457	5149	1.0
3783	5095	1.0
1473	3720	1.0
1473	3771	1.0
3782	4340	1.0
538	4380	1.0
538	2542	1.0
538	4887	1.0
538	2428	1.0
538	1918	1.0
2542	3364	1.0
2542	4887	1.0
3064	4053	1.0
542	1319	1.0
542	3497	1.0
542	2481	1.0
542	696	1.0
542	4892	1.0
542	1501	1.0
696	1319	1.0
696	3497	1.0
696	4746	1.0
696	4532	1.0
696	2481	1.0
696	2772	1.0
696	4185	1.0
696	2811	1.0
546	4866	1.0
673	4898	1.0
673	4516	1.0
673	1611	1.0
673	687	1.0
673	4688	1.0
673	3830	1.0
673	1807	1.0
1389	5157	1.0
1389	4589	1.0
1389	3956	1.0
1389	5087	1.0
1389	3621	1.0
3067	4432	1.0
3067	4641	1.0
1546	4252	1.0
1544	5197	1.0
1544	2374	1.0
1541	3906	1.0
1541	2810	1.0
1393	2021	1.0
2021	2755	1.0
2021	3880	1.0
2021	2379	1.0
2021	3950	1.0
2021	3508	1.0
2021	2552	1.0
1533	5033	1.0
1533	3666	1.0
3081	5004	1.0
566	2743	1.0
566	2519	1.0
2743	4954	1.0
1524	3886	1.0
3170	4274	1.0
574	3616	1.0
574	2084	1.0
574	3109	1.0
574	1769	1.0
574	2890	1.0
574	3356	1.0
574	1437	1.0
2084	2627	1.0
2084	2448	1.0
2084	3447	1.0
2084	2622	1.0
578	651	1.0
578	2287	1.0
651	4043	1.0
651	782	1.0
651	2287	1.0
66	1535	1.0
580	770	1.0
580	2435	1.0
585	3880	1.0
585	3127	1.0
585	5168	1.0
585	1873	1.0
585	4117	1.0
585	2519	1.0
585	1432	1.0
585	4954	1.0
1432	1605	1.0
1432	3880	1.0
1432	2379	1.0
1432	3992	1.0
1432	2553	1.0
1432	3261	1.0
2534	3775	1.0
2534	4694	1.0
3775	4694	1.0
2579	3486	1.0
2118	4833	1.0
2118	4759	1.0
2118	4094	1.0
213	4180	1.0
213	561	1.0
2143	2243	1.0
2143	3528	1.0
2143	4141	1.0
2143	2222	1.0
2143	2705	1.0
2143	3698	1.0
2143	3125	1.0
2143	3032	1.0
2143	3005	1.0
4317	4790	1.0
432	907	1.0
432	5021	1.0
432	2634	1.0
432	2603	1.0
432	3293	1.0
432	3386	1.0
3293	4973	1.0
3293	4820	1.0
4331	5097	1.0
475	4930	1.0
217	3789	1.0
217	1489	1.0
217	2781	1.0
217	2718	1.0
217	4677	1.0
1489	2205	1.0
1489	2718	1.0
1489	1831	1.0
1489	3768	1.0
1489	3006	1.0
1489	4677	1.0
1489	4425	1.0
1489	3789	1.0
1489	2772	1.0
1489	3045	1.0
1489	4209	1.0
2173	2314	1.0
2173	4595	1.0
2525	2777	1.0
2186	4839	1.0
2186	2572	1.0
2186	3507	1.0
2186	3384	1.0
2186	3613	1.0
2506	4986	1.0
2506	3012	1.0
3012	3219	1.0
2207	2465	1.0
2207	2648	1.0
2207	4324	1.0
2207	4188	1.0
2648	4324	1.0
2648	4188	1.0
2648	3771	1.0
2648	4700	1.0
221	1839	1.0
1839	3539	1.0
1839	2910	1.0
2068	5084	1.0
2635	3718	1.0
2635	4971	1.0
2630	2819	1.0
2630	4220	1.0
2625	2713	1.0
48	3454	1.0
3454	4611	1.0
424	3804	1.0
2220	3192	1.0
2220	3538	1.0
2220	4084	1.0
2602	2756	1.0
2602	4746	1.0
2602	4209	1.0
2602	4522	1.0
2602	2603	1.0
2602	4205	1.0
2602	2833	1.0
2602	2711	1.0
2602	4987	1.0
2602	2973	1.0
2602	2910	1.0
2973	3102	1.0
2080	3152	1.0
3152	4151	1.0
426	2324	1.0
2324	3655	1.0
2324	3080	1.0
2324	3977	1.0
2324	3496	1.0
2324	4599	1.0
2324	3865	1.0
2324	3722	1.0
2324	3391	1.0
477	599	1.0
599	2693	1.0
599	1192	1.0
599	1718	1.0
599	1052	1.0
599	3519	1.0
2096	3470	1.0
3470	4521	1.0
3470	5020	1.0
259	1280	1.0
1280	1987	1.0
1280	4464	1.0
4277	5208	1.0
4277	4389	1.0
4277	5214	1.0
4389	5214	1.0
2396	5186	1.0
2424	3492	1.0
3492	4870	1.0
3492	3717	1.0
4548	4989	1.0
4989	5154	1.0
4989	5158	1.0
2316	4905	1.0
2317	5040	1.0
447	4289	1.0
447	3059	1.0
447	2144	1.0
3059	4289	1.0
3059	4115	1.0
2289	4160	1.0
239	4411	1.0
235	5131	1.0
235	2252	1.0
235	689	1.0
235	4244	1.0
689	1188	1.0
689	2053	1.0
689	2774	1.0
2354	3878	1.0
2354	2859	1.0
2354	5102	1.0
2354	5103	1.0
2354	4335	1.0
2354	3827	1.0
2354	4154	1.0
2354	3455	1.0
2354	5023	1.0
4335	5102	1.0
4335	5103	1.0
449	4997	1.0
2366	4240	1.0
450	690	1.0
690	1049	1.0
690	750	1.0
45	1057	1.0
2373	2693	1.0
2373	2909	1.0
2253	2254	1.0
2253	4312	1.0
2253	5145	1.0
2253	3515	1.0
2486	3844	1.0
2486	4394	1.0
2486	5174	1.0
2486	3677	1.0
2486	2654	1.0
3844	5174	1.0
223	2361	1.0
2361	2898	1.0
2244	3511	1.0
3511	5121	1.0
3511	4623	1.0
44	3962	1.0
44	4047	1.0
4047	4803	1.0
2464	3073	1.0
2274	3940	1.0
2275	4123	1.0
2445	4711	1.0
2445	4231	1.0
2445	2450	1.0
2445	2545	1.0
2445	5012	1.0
2445	4283	1.0
2284	3902	1.0
2285	4185	1.0
2285	3569	1.0
443	2433	1.0
443	3395	1.0
2433	3395	1.0
2433	4881	1.0
1841	4486	1.0
1841	2434	1.0
1841	4974	1.0
1841	2672	1.0
1841	4377	1.0
2434	4486	1.0
2434	4974	1.0
2434	2672	1.0
2434	4377	1.0
2821	2853	1.0
2821	2830	1.0
2821	5073	1.0
2821	4374	1.0
2821	4251	1.0
4055	4329	1.0
4055	4460	1.0
4055	4085	1.0
4055	4060	1.0
4062	4636	1.0
4062	4629	1.0
4065	4485	1.0
4065	5037	1.0
183	1395	1.0
1395	3771	1.0
1837	4507	1.0
4044	4439	1.0
4044	5042	1.0
4044	4247	1.0
4081	4523	1.0
2791	4263	1.0
2791	4492	1.0
2791	5045	1.0
4263	5045	1.0
187	3639	1.0
187	2887	1.0
187	837	1.0
187	695	1.0
1870	4807	1.0
4807	4839	1.0
4968	5198	1.0
1878	1991	1.0
1991	4321	1.0
1991	4738	1.0
1991	3203	1.0
1991	2027	1.0
1991	3117	1.0
1991	5112	1.0
3979	4155	1.0
3981	4747	1.0
3981	4425	1.0
3981	4011	1.0
4011	5173	1.0
40	3016	1.0
4006	4721	1.0
1763	2134	1.0
1764	2415	1.0
1764	4958	1.0
2415	5099	1.0
2415	4843	1.0
2415	4020	1.0
2415	2750	1.0
2415	4407	1.0
2415	3676	1.0
2415	4958	1.0
4014	5165	1.0
4014	5223	1.0
2864	4715	1.0
1879	2259	1.0
1879	2037	1.0
1779	2982	1.0
1779	3123	1.0
1779	2932	1.0
1779	2902	1.0
1779	2105	1.0
1779	4442	1.0
2105	2982	1.0
2105	4719	1.0
2105	3123	1.0
2105	2932	1.0
2105	2902	1.0
2105	3258	1.0
2105	4442	1.0
1789	2633	1.0
1792	3203	1.0
1792	2725	1.0
4039	4175	1.0
4039	4891	1.0
2000	2563	1.0
2563	3555	1.0
2563	4038	1.0
2563	4851	1.0
2563	5179	1.0
4165	4765	1.0
27	3071	1.0
4182	5036	1.0
4856	5182	1.0
1995	3714	1.0
2002	4512	1.0
2002	2135	1.0
2671	5062	1.0
2671	4455	1.0
2671	5032	1.0
2671	5053	1.0
2671	2891	1.0
2671	3565	1.0
2671	3566	1.0
2671	2749	1.0
2671	3992	1.0
2671	3516	1.0
2671	2813	1.0
2652	4903	1.0
2652	3138	1.0
2652	3280	1.0
2652	4647	1.0
2651	4262	1.0
2651	3047	1.0
2651	2735	1.0
2647	2982	1.0
2647	3432	1.0
2647	4257	1.0
2647	5196	1.0
2647	3437	1.0
2647	4083	1.0
2647	4609	1.0
2647	3093	1.0
1913	3999	1.0
412	2081	1.0
412	4246	1.0
2081	4246	1.0
2759	2919	1.0
2752	3807	1.0
2751	4738	1.0
2751	4606	1.0
4606	4738	1.0
492	5188	1.0
492	1170	1.0
492	3124	1.0
1935	2288	1.0
1935	4502	1.0
1935	3903	1.0
2721	3402	1.0
1063	4066	1.0
1063	4318	1.0
3626	4424	1.0
799	3461	1.0
80	4287	1.0
3409	4664	1.0
3288	3473	1.0
3510	4378	1.0
3510	5147	1.0
1061	4567	1.0
1061	2199	1.0
2199	4567	1.0
1062	3808	1.0
1062	3898	1.0
1062	1356	1.0
939	4072	1.0
807	1597	1.0
3295	4838	1.0
81	3456	1.0
81	306	1.0
81	1241	1.0
81	2910	1.0
3615	4181	1.0
3615	4295	1.0
330	3888	1.0
3612	3648	1.0
3648	3992	1.0
3518	3731	1.0
818	4795	1.0
818	1453	1.0
1073	3008	1.0
972	3590	1.0
972	5137	1.0
970	2198	1.0
2198	4975	1.0
367	3973	1.0
367	4038	1.0
367	4657	1.0
367	3335	1.0
367	3084	1.0
367	401	1.0
367	4113	1.0
367	4246	1.0
367	4669	1.0
401	3334	1.0
401	4038	1.0
401	3335	1.0
401	3084	1.0
401	4113	1.0
401	4246	1.0
401	729	1.0
401	3130	1.0
401	764	1.0
749	3084	1.0
749	1304	1.0
749	4826	1.0
749	1275	1.0
749	1404	1.0
749	3390	1.0
1404	3816	1.0
1404	2895	1.0
1404	1586	1.0
1404	4410	1.0
1404	4957	1.0
967	1796	1.0
1034	1774	1.0
3249	4042	1.0
1284	3164	1.0
3658	3968	1.0
766	2391	1.0
2391	2634	1.0
2391	4492	1.0
2391	4806	1.0
771	4640	1.0
771	1037	1.0
771	2227	1.0
771	3156	1.0
771	1527	1.0
771	4056	1.0
957	3601	1.0
3601	4695	1.0
1266	3242	1.0
1266	1814	1.0
1259	5071	1.0
3372	4310	1.0
3372	5212	1.0
1180	4546	1.0
1180	3691	1.0
3691	4546	1.0
849	3463	1.0
3463	4482	1.0
3463	4549	1.0
3463	4276	1.0
85	1182	1.0
1117	4395	1.0
1117	4860	1.0
1117	3143	1.0
851	1215	1.0
904	3282	1.0
853	2994	1.0
3373	4775	1.0
1115	4173	1.0
3548	4143	1.0
863	4901	1.0
1159	3931	1.0
1157	1508	1.0
1157	4455	1.0
1157	4684	1.0
1157	1934	1.0
1157	1859	1.0
1157	1492	1.0
1157	1563	1.0
1157	4574	1.0
3350	3809	1.0
1152	3579	1.0
1140	1225	1.0
927	3175	1.0
1081	1285	1.0
826	878	1.0
878	2018	1.0
878	2684	1.0
878	4909	1.0
3602	4929	1.0
3602	3762	1.0
1084	4964	1.0
1084	1086	1.0
1086	1548	1.0
1086	4964	1.0
921	993	1.0
1092	1407	1.0
12	89	1.0
12	2300	1.0
12	4445	1.0
89	2300	1.0
89	4685	1.0
71	4837	1.0
71	529	1.0
71	277	1.0
71	3702	1.0
71	4154	1.0
71	2234	1.0
277	4154	1.0
3324	4092	1.0
1109	5027	1.0
1109	4745	1.0
1109	4756	1.0
1109	2932	1.0
1109	3957	1.0
1109	4884	1.0
1109	1854	1.0
4745	5027	1.0
4745	4756	1.0
4745	4884	1.0
3326	3875	1.0
1187	1403	1.0
1187	3949	1.0
1333	4668	1.0
1333	5019	1.0
1326	2370	1.0
1326	1563	1.0
1326	4540	1.0
2370	2691	1.0
997	1107	1.0
3208	3529	1.0
739	1222	1.0
739	4270	1.0
739	2516	1.0
739	2654	1.0
1017	4853	1.0
1017	1429	1.0
1017	4614	1.0
1017	3193	1.0
3221	3233	1.0
3221	3812	1.0
3233	3887	1.0
990	4620	1.0
990	3225	1.0
990	3227	1.0
990	3229	1.0
990	3230	1.0
3227	3230	1.0
727	3351	1.0
727	2631	1.0
2631	4433	1.0
2631	3698	1.0
3680	4755	1.0
719	4662	1.0
4662	4988	1.0
354	1023	1.0
422	1557	1.0
4221	5219	1.0
4221	5030	1.0
4199	5041	1.0
42	3390	1.0
420	1289	1.0
4202	4889	1.0
3471	4361	1.0
3471	3854	1.0
3471	3855	1.0
3471	4113	1.0
4249	4386	1.0
425	5018	1.0
3525	4438	1.0
3474	3679	1.0
4225	5021	1.0
4228	4906	1.0
423	1647	1.0
347	4305	1.0
4238	5174	1.0
4135	4815	1.0
414	824	1.0
4140	5029	1.0
4140	5066	1.0
4142	4899	1.0
415	1518	1.0
3550	4633	1.0
3563	4975	1.0
3464	3509	1.0
356	2543	1.0
3559	4920	1.0
3558	4463	1.0
413	1750	1.0
4489	4652	1.0
4489	5076	1.0
4489	4696	1.0
4183	4961	1.0
3540	4050	1.0
3540	4645	1.0
4156	4465	1.0
4192	4542	1.0
4164	4538	1.0
4166	5047	1.0
3543	4858	1.0
350	5239	1.0
4379	5082	1.0
438	1936	1.0
4383	4880	1.0
4446	4599	1.0
35	1986	1.0
35	3077	1.0
35	5233	1.0
35	780	1.0
35	2833	1.0
35	4018	1.0
35	339	1.0
35	2524	1.0
439	1746	1.0
439	1267	1.0
439	3781	1.0
4391	4884	1.0
4369	4558	1.0
4369	4559	1.0
4360	4672	1.0
4365	4462	1.0
4366	4463	1.0
4367	4462	1.0
4397	4552	1.0
3505	4439	1.0
4372	5011	1.0
3504	5187	1.0
3503	3665	1.0
4375	5047	1.0
3483	4869	1.0
3483	3725	1.0
442	3163	1.0
4418	4956	1.0
4419	4493	1.0
441	4439	1.0
349	4280	1.0
3489	4589	1.0
4430	5131	1.0
4444	4463	1.0
440	3337	1.0
440	4962	1.0
440	4768	1.0
440	1209	1.0
4401	4558	1.0
444	4073	1.0
4405	4439	1.0
3491	4206	1.0
4408	5056	1.0
4408	4681	1.0
4408	4553	1.0
4408	4601	1.0
4408	4981	1.0
4290	4291	1.0
4298	4535	1.0
430	4693	1.0
429	4218	1.0
429	2620	1.0
429	4933	1.0
429	3289	1.0
4303	4627	1.0
4306	4818	1.0
4308	5060	1.0
4279	4660	1.0
352	1964	1.0
428	3453	1.0
3517	3638	1.0
4345	5085	1.0
4353	4810	1.0
4355	4544	1.0
3513	5138	1.0
4313	4321	1.0
4313	4712	1.0
4313	4553	1.0
4313	4594	1.0
4313	4991	1.0
4325	4326	1.0
351	4746	1.0
351	3773	1.0
351	919	1.0
348	1329	1.0
3645	5030	1.0
383	1618	1.0
383	3065	1.0
3637	4892	1.0
3799	4975	1.0
38	3310	1.0
365	837	1.0
3806	4975	1.0
381	1909	1.0
3810	4940	1.0
3811	5236	1.0
3814	4600	1.0
362	793	1.0
3858	5155	1.0
386	4854	1.0
3860	5049	1.0
3866	3992	1.0
387	4760	1.0
3872	4619	1.0
3876	5210	1.0
3876	5100	1.0
3876	5201	1.0
3618	4921	1.0
3617	4892	1.0
3631	5180	1.0
3628	4687	1.0
384	2383	1.0
3840	4784	1.0
3843	3873	1.0
385	1847	1.0
3721	4588	1.0
3686	4493	1.0
3686	4269	1.0
3686	4158	1.0
3686	4460	1.0
3686	3960	1.0
3686	3834	1.0
373	3380	1.0
373	3244	1.0
373	3245	1.0
3682	4908	1.0
3739	3993	1.0
3681	4001	1.0
3740	4540	1.0
3743	4705	1.0
370	4834	1.0
3699	4233	1.0
3699	4114	1.0
3710	4841	1.0
3716	4786	1.0
369	1368	1.0
372	2910	1.0
3784	4185	1.0
3793	4975	1.0
3746	5027	1.0
3746	4233	1.0
3746	3957	1.0
3746	4553	1.0
3746	3771	1.0
3747	3951	1.0
3750	4831	1.0
3757	4438	1.0
376	547	1.0
3765	4809	1.0
3769	4629	1.0
3670	4728	1.0
3770	4759	1.0
3583	4988	1.0
3582	5200	1.0
4036	4988	1.0
4037	5166	1.0
404	1348	1.0
404	4894	1.0
4049	4127	1.0
405	4884	1.0
4054	4690	1.0
4054	5058	1.0
358	971	1.0
358	4940	1.0
358	1397	1.0
406	2712	1.0
406	1778	1.0
406	2063	1.0
4061	5021	1.0
3578	4455	1.0
400	3125	1.0
4005	5220	1.0
4007	5086	1.0
4008	4799	1.0
4010	4536	1.0
402	1294	1.0
4024	4185	1.0
3570	4538	1.0
3568	4791	1.0
410	3206	1.0
3567	4280	1.0
4104	4971	1.0
4112	4902	1.0
4067	4720	1.0
4068	4892	1.0
4074	4887	1.0
3574	5203	1.0
4	4604	1.0
408	2332	1.0
4080	4682	1.0
3571	4474	1.0
3571	5202	1.0
3917	4828	1.0
361	1327	1.0
393	4839	1.0
360	581	1.0
360	549	1.0
389	3962	1.0
3895	4915	1.0
390	2588	1.0
3905	5012	1.0
3908	4827	1.0
3909	4850	1.0
3910	4839	1.0
3914	4651	1.0
3914	4645	1.0
3592	4425	1.0
3591	4971	1.0
3976	4820	1.0
3987	4898	1.0
3991	4526	1.0
3995	5093	1.0
359	4614	1.0
359	4233	1.0
359	3243	1.0
359	600	1.0
3998	5210	1.0
3998	5100	1.0
3998	5201	1.0
3939	4583	1.0
3939	4542	1.0
3961	4246	1.0
3966	4571	1.0
3967	4108	1.0
3593	3633	1.0
591	3125	1.0
588	806	1.0
587	1965	1.0
586	1189	1.0
586	2807	1.0
582	2243	1.0
592	2243	1.0
579	4455	1.0
577	1875	1.0
575	1527	1.0
573	1488	1.0
573	2718	1.0
573	2887	1.0
594	1976	1.0
597	1093	1.0
60	2501	1.0
601	911	1.0
602	4553	1.0
603	2114	1.0
604	1802	1.0
606	4897	1.0
606	1413	1.0
607	4645	1.0
607	3078	1.0
607	1230	1.0
607	2871	1.0
607	2714	1.0
607	4445	1.0
607	1189	1.0
609	3151	1.0
609	1751	1.0
537	1365	1.0
537	4717	1.0
541	2146	1.0
550	2831	1.0
536	2078	1.0
533	1153	1.0
530	5216	1.0
528	4638	1.0
61	3229	1.0
61	1711	1.0
551	2223	1.0
551	4695	1.0
551	2584	1.0
551	4537	1.0
552	1518	1.0
553	4877	1.0
553	2159	1.0
556	4988	1.0
556	2614	1.0
557	1423	1.0
559	581	1.0
56	2676	1.0
56	732	1.0
56	4894	1.0
563	1513	1.0
563	1483	1.0
563	1145	1.0
565	4500	1.0
567	1179	1.0
567	4511	1.0
57	2733	1.0
57	3759	1.0
57	1331	1.0
57	633	1.0
653	5083	1.0
661	4700	1.0
660	5090	1.0
654	3111	1.0
652	1341	1.0
652	1350	1.0
650	871	1.0
664	2287	1.0
666	4991	1.0
669	1706	1.0
672	2611	1.0
674	675	1.0
68	1677	1.0
681	4658	1.0
682	1605	1.0
682	4614	1.0
682	2408	1.0
682	4233	1.0
682	2225	1.0
682	1975	1.0
682	5225	1.0
682	3771	1.0
682	4029	1.0
683	1228	1.0
683	3207	1.0
684	2140	1.0
684	3391	1.0
625	714	1.0
610	2855	1.0
612	4474	1.0
614	3167	1.0
614	4562	1.0
614	1167	1.0
617	3006	1.0
617	1831	1.0
618	2341	1.0
619	2050	1.0
620	3315	1.0
624	801	1.0
526	1151	1.0
626	4703	1.0
631	4899	1.0
631	2476	1.0
635	1226	1.0
635	2730	1.0
635	2215	1.0
637	3873	1.0
638	2774	1.0
64	1675	1.0
641	2026	1.0
642	2386	1.0
511	3389	1.0
517	2895	1.0
5124	5199	1.0
513	2745	1.0
525	3017	1.0
518	1327	1.0
90	4445	1.0
889	4934	1.0
888	907	1.0
887	1291	1.0
887	5052	1.0
885	2503	1.0
901	5030	1.0
901	2127	1.0
902	1283	1.0
902	1441	1.0
905	1270	1.0
906	1964	1.0
91	462	1.0
914	2861	1.0
918	4095	1.0
848	4246	1.0
860	2254	1.0
856	3349	1.0
852	1435	1.0
852	1788	1.0
852	2501	1.0
850	2696	1.0
844	1980	1.0
840	2723	1.0
862	2254	1.0
864	1899	1.0
866	5005	1.0
866	1169	1.0
867	2659	1.0
872	4964	1.0
973	4673	1.0
97	3060	1.0
969	5179	1.0
964	1168	1.0
978	1761	1.0
979	3789	1.0
98	2053	1.0
980	4774	1.0
981	4863	1.0
982	1053	1.0
988	4710	1.0
99	3244	1.0
992	2140	1.0
994	1089	1.0
926	2733	1.0
93	2828	1.0
93	1986	1.0
93	1387	1.0
93	3028	1.0
930	4774	1.0
931	1299	1.0
940	4998	1.0
942	4975	1.0
943	2054	1.0
947	2131	1.0
947	2494	1.0
95	2758	1.0
738	5027	1.0
738	2932	1.0
738	3957	1.0
738	4884	1.0
747	4591	1.0
740	4852	1.0
748	1329	1.0
735	1240	1.0
734	1836	1.0
734	1420	1.0
734	4533	1.0
734	3928	1.0
734	1947	1.0
734	1629	1.0
734	1695	1.0
73	1316	1.0
75	1755	1.0
754	1087	1.0
756	991	1.0
759	3207	1.0
76	2769	1.0
76	4438	1.0
76	4945	1.0
761	3258	1.0
761	1948	1.0
700	2855	1.0
7	1602	1.0
699	1192	1.0
694	2481	1.0
693	5214	1.0
692	4887	1.0
691	4244	1.0
69	5129	1.0
69	2005	1.0
688	4731	1.0
765	3194	1.0
765	798	1.0
711	2481	1.0
712	2242	1.0
712	932	1.0
712	4167	1.0
713	2757	1.0
717	1579	1.0
718	1348	1.0
718	4894	1.0
72	4834	1.0
722	4869	1.0
722	3725	1.0
722	5050	1.0
726	1979	1.0
726	1501	1.0
813	3084	1.0
822	3693	1.0
820	1352	1.0
816	2594	1.0
816	1794	1.0
815	1957	1.0
814	4778	1.0
814	3390	1.0
804	2613	1.0
803	937	1.0
825	2859	1.0
828	2456	1.0
828	2634	1.0
833	4871	1.0
838	2543	1.0
839	2252	1.0
839	2541	1.0
839	2093	1.0
767	3239	1.0
768	2308	1.0
769	2774	1.0
77	2278	1.0
772	4246	1.0
773	3565	1.0
774	2568	1.0
774	1189	1.0
783	2774	1.0
788	805	1.0
79	2990	1.0
790	3258	1.0
790	4719	1.0
791	2514	1.0
791	1910	1.0
797	4246	1.0
4708	4711	1.0
4706	4841	1.0
470	2930	1.0
47	4305	1.0
4699	4758	1.0
4699	4759	1.0
4714	4975	1.0
4724	4757	1.0
4726	4780	1.0
4726	5081	1.0
466	2375	1.0
468	1623	1.0
469	3382	1.0
479	1164	1.0
4771	4946	1.0
4805	4864	1.0
481	4528	1.0
4733	5155	1.0
455	3290	1.0
455	3349	1.0
455	1493	1.0
455	1831	1.0
4539	4897	1.0
4563	5155	1.0
452	1707	1.0
4517	4553	1.0
4517	4712	1.0
4527	4812	1.0
4527	4998	1.0
4531	4940	1.0
4622	4738	1.0
463	4890	1.0
463	2099	1.0
463	1713	1.0
4624	4826	1.0
4621	5155	1.0
465	1338	1.0
4811	5053	1.0
5009	5026	1.0
50	4644	1.0
50	4629	1.0
50	2150	1.0
498	2885	1.0
507	2268	1.0
507	1158	1.0
507	2239	1.0
509	1945	1.0
51	1756	1.0
5029	5066	1.0
503	2419	1.0
503	4956	1.0
505	2774	1.0
4857	4939	1.0
487	4894	1.0
488	2654	1.0
482	1590	1.0
4935	5207	1.0
49	1636	1.0
182	1492	1.0
1819	2603	1.0
1818	3852	1.0
1818	1934	1.0
1818	3466	1.0
1818	2462	1.0
1818	1823	1.0
1817	2363	1.0
1811	2188	1.0
1811	2461	1.0
1805	2423	1.0
1805	4540	1.0
1824	3203	1.0
1825	2636	1.0
1826	2934	1.0
1827	4987	1.0
1827	2582	1.0
1830	2925	1.0
1830	3006	1.0
1830	1831	1.0
184	1752	1.0
1842	2369	1.0
1843	2492	1.0
1846	2140	1.0
1776	2125	1.0
1781	2254	1.0
1773	1933	1.0
1790	2637	1.0
1795	3345	1.0
1799	2675	1.0
18	1791	1.0
1905	2430	1.0
1904	4975	1.0
1903	3665	1.0
19	1087	1.0
1898	2469	1.0
1911	3338	1.0
1912	4987	1.0
1917	2070	1.0
1919	2891	1.0
1922	3017	1.0
1922	3018	1.0
1924	3146	1.0
1865	3751	1.0
1865	1869	1.0
1865	2833	1.0
1865	4018	1.0
1865	2067	1.0
1855	4971	1.0
1853	2501	1.0
1849	4526	1.0
1766	3040	1.0
1876	2649	1.0
188	1035	1.0
1880	2371	1.0
1880	4551	1.0
1880	2890	1.0
1880	4975	1.0
1881	4251	1.0
1881	2730	1.0
1883	4629	1.0
1883	4127	1.0
1672	3771	1.0
167	328	1.0
1666	4711	1.0
1666	4493	1.0
1666	2322	1.0
1663	1719	1.0
1660	4695	1.0
1659	2906	1.0
1676	1802	1.0
1678	3213	1.0
1679	4283	1.0
1681	1742	1.0
1688	4436	1.0
1633	2908	1.0
1631	2590	1.0
1630	2023	1.0
163	2233	1.0
1626	2892	1.0
1626	4965	1.0
1624	2714	1.0
1624	4987	1.0
1624	2127	1.0
1622	4185	1.0
1648	2401	1.0
1648	4675	1.0
1648	3831	1.0
165	3394	1.0
165	4526	1.0
1651	3356	1.0
1653	3217	1.0
1655	3129	1.0
1747	3551	1.0
1744	3951	1.0
1743	2710	1.0
1741	3493	1.0
174	1946	1.0
1735	1765	1.0
1731	4247	1.0
1757	3212	1.0
1758	4063	1.0
1762	4974	1.0
1762	2672	1.0
171	1797	1.0
171	3399	1.0
1709	2406	1.0
1715	2660	1.0
1700	4894	1.0
1699	4746	1.0
1716	3305	1.0
1723	2085	1.0
1725	2982	1.0
2130	3379	1.0
2126	2958	1.0
2122	3435	1.0
2136	4971	1.0
2141	2784	1.0
2152	2915	1.0
2155	2545	1.0
2087	2609	1.0
2091	4829	1.0
209	3360	1.0
2089	2716	1.0
2077	3314	1.0
2103	2238	1.0
2110	2243	1.0
2111	4361	1.0
2111	3319	1.0
2111	4077	1.0
2111	2295	1.0
2212	2927	1.0
2203	2775	1.0
2201	4439	1.0
220	892	1.0
220	925	1.0
222	1582	1.0
2221	2784	1.0
2228	2322	1.0
2228	4711	1.0
2230	3321	1.0
2172	5149	1.0
2169	2537	1.0
2176	3119	1.0
2162	3239	1.0
216	3665	1.0
2177	2940	1.0
2185	3831	1.0
2189	4536	1.0
1977	2485	1.0
1972	3466	1.0
1968	3493	1.0
1968	2117	1.0
1966	4958	1.0
1962	2603	1.0
1962	4508	1.0
1962	4645	1.0
1999	4321	1.0
1944	3296	1.0
1944	2051	1.0
1942	2247	1.0
1932	3199	1.0
1931	2726	1.0
193	778	1.0
1929	1986	1.0
1950	3419	1.0
1950	3493	1.0
1954	5030	1.0
1955	3447	1.0
1961	3880	1.0
2048	4975	1.0
2056	2876	1.0
2055	2342	1.0
2052	4073	1.0
205	1087	1.0
2043	4957	1.0
2040	2497	1.0
2040	5050	1.0
2040	4869	1.0
2039	3435	1.0
2065	2407	1.0
2069	2626	1.0
2069	3494	1.0
207	1803	1.0
2017	3422	1.0
2006	3087	1.0
2008	4095	1.0
2009	5107	1.0
201	345	1.0
2011	4000	1.0
2014	3410	1.0
2015	5049	1.0
1620	2046	1.0
1620	2047	1.0
202	3632	1.0
2020	2972	1.0
2022	2736	1.0
2022	4601	1.0
2022	2553	1.0
203	331	1.0
2030	4085	1.0
1206	2255	1.0
1211	2688	1.0
1201	5237	1.0
1200	2179	1.0
1197	2393	1.0
1197	1342	1.0
1197	1687	1.0
1195	1472	1.0
1193	4920	1.0
1193	2140	1.0
1216	4536	1.0
1220	1380	1.0
1223	3072	1.0
1223	2231	1.0
1224	4077	1.0
1166	2910	1.0
1174	3131	1.0
1162	4614	1.0
1162	3494	1.0
1162	1387	1.0
1229	2495	1.0
1177	4538	1.0
1178	1417	1.0
1178	1963	1.0
1178	4304	1.0
1178	1237	1.0
118	4870	1.0
1181	2457	1.0
1183	1297	1.0
1190	2794	1.0
1191	2541	1.0
1279	1560	1.0
1279	1315	1.0
129	581	1.0
129	1750	1.0
129	3160	1.0
1286	2586	1.0
1286	5067	1.0
1281	1803	1.0
1276	4892	1.0
1276	4921	1.0
1272	3956	1.0
1271	3206	1.0
1271	1574	1.0
1271	4798	1.0
1293	2550	1.0
1295	2686	1.0
1301	2935	1.0
1245	3438	1.0
1243	3125	1.0
1242	2774	1.0
124	2603	1.0
124	269	1.0
124	1015	1.0
1238	4482	1.0
1156	4754	1.0
1251	2728	1.0
1257	1616	1.0
126	1317	1.0
1262	4759	1.0
1262	3349	1.0
1262	1831	1.0
1264	2887	1.0
1265	1452	1.0
1046	4508	1.0
1045	1412	1.0
1051	1164	1.0
1041	1918	1.0
1041	4887	1.0
1040	2046	1.0
1054	2686	1.0
1055	5005	1.0
1056	2487	1.0
106	2638	1.0
1064	2774	1.0
1065	4841	1.0
1068	2473	1.0
1007	2487	1.0
1014	3193	1.0
101	4030	1.0
1005	2246	1.0
1005	2353	1.0
1002	2545	1.0
1	2768	1.0
107	2720	1.0
1019	3364	1.0
1020	4746	1.0
1020	3962	1.0
1026	4175	1.0
1027	2223	1.0
103	2774	1.0
1032	2439	1.0
1134	2747	1.0
1131	2663	1.0
1130	3247	1.0
1126	3580	1.0
1126	2243	1.0
1126	2692	1.0
112	1761	1.0
1143	4834	1.0
1143	3091	1.0
1148	2587	1.0
1091	1918	1.0
1091	4887	1.0
1070	2877	1.0
1076	2551	1.0
1079	4113	1.0
1079	5221	1.0
108	2716	1.0
108	3854	1.0
1080	2535	1.0
1082	1352	1.0
1088	4839	1.0
1096	3362	1.0
1097	2398	1.0
1515	3053	1.0
151	2607	1.0
1507	3992	1.0
1506	4826	1.0
1523	2027	1.0
1523	4629	1.0
1523	4127	1.0
1528	1529	1.0
1532	4850	1.0
1536	3129	1.0
1537	2714	1.0
1478	3771	1.0
1477	4975	1.0
1480	3398	1.0
1468	3018	1.0
1468	4798	1.0
1468	4455	1.0
1484	1487	1.0
1486	4251	1.0
149	2953	1.0
149	2286	1.0
1491	2978	1.0
1491	3211	1.0
1496	3024	1.0
1498	4843	1.0
1498	4629	1.0
1498	3405	1.0
1498	3151	1.0
1498	2640	1.0
1498	3605	1.0
1498	4920	1.0
1498	3039	1.0
1498	2268	1.0
1498	4127	1.0
1499	1974	1.0
15	3149	1.0
16	3399	1.0
1592	3003	1.0
1589	2382	1.0
1587	3340	1.0
1585	2379	1.0
1585	2225	1.0
1585	3193	1.0
1585	3771	1.0
1585	4700	1.0
1581	2348	1.0
1604	4645	1.0
1608	3356	1.0
1612	4841	1.0
1613	2852	1.0
1617	4551	1.0
1619	4712	1.0
1619	3017	1.0
1619	3892	1.0
1619	4553	1.0
1619	4233	1.0
1619	2047	1.0
162	1222	1.0
156	3291	1.0
1558	2730	1.0
1556	2500	1.0
1549	2774	1.0
1540	2987	1.0
1460	2855	1.0
1569	1964	1.0
1569	2195	1.0
1569	3450	1.0
157	2245	1.0
1570	4828	1.0
136	4858	1.0
1357	2005	1.0
1360	4958	1.0
1347	3100	1.0
1361	4579	1.0
1362	2887	1.0
1371	2586	1.0
1372	3787	1.0
1373	2269	1.0
1374	2666	1.0
1374	3319	1.0
1323	2782	1.0
1312	2436	1.0
1312	2603	1.0
1311	3566	1.0
1378	3440	1.0
1378	4730	1.0
1330	1719	1.0
1337	3319	1.0
1439	1964	1.0
1419	2611	1.0
1442	1869	1.0
1442	3751	1.0
1444	2431	1.0
1445	5214	1.0
1446	2429	1.0
1454	3005	1.0
1459	3299	1.0
1459	2335	1.0
1399	4754	1.0
1382	1733	1.0
1385	2716	1.0
1385	3854	1.0
1386	3084	1.0
139	3873	1.0
1402	2878	1.0
1405	4962	1.0
1409	3675	1.0
1414	3435	1.0
1414	3839	1.0
3056	4791	1.0
3049	4095	1.0
3048	4887	1.0
3048	4095	1.0
3046	3207	1.0
3066	4769	1.0
307	4920	1.0
308	2206	1.0
302	2733	1.0
3010	4988	1.0
3010	4113	1.0
3020	4987	1.0
3020	3333	1.0
300	2380	1.0
3025	4610	1.0
3025	4304	1.0
3025	4629	1.0
3025	4127	1.0
3030	3787	1.0
313	2950	1.0
313	2735	1.0
3122	4940	1.0
3139	4519	1.0
314	1563	1.0
314	725	1.0
314	4839	1.0
3140	3977	1.0
3140	3655	1.0
3096	4834	1.0
3096	4690	1.0
3096	3992	1.0
3094	4629	1.0
3094	4127	1.0
311	4175	1.0
3110	3338	1.0
3112	3679	1.0
3113	3590	1.0
29	1164	1.0
2889	3781	1.0
291	3771	1.0
2911	3134	1.0
2924	3789	1.0
2860	3878	1.0
2845	3751	1.0
2869	4585	1.0
2870	3845	1.0
2873	4895	1.0
288	3313	1.0
2881	3163	1.0
2981	4962	1.0
298	1623	1.0
2975	4763	1.0
2971	4645	1.0
2971	3305	1.0
2985	4894	1.0
2988	2989	1.0
2998	4939	1.0
2929	4526	1.0
2944	3109	1.0
2948	4738	1.0
3359	3590	1.0
3375	4818	1.0
3431	4971	1.0
343	679	1.0
342	2747	1.0
3441	3751	1.0
3442	3788	1.0
3209	4934	1.0
3216	4738	1.0
323	2535	1.0
3235	3564	1.0
3182	3183	1.0
3270	5076	1.0
3302	4988	1.0
3304	3356	1.0
3306	3771	1.0
3253	3605	1.0
3253	4209	1.0
324	2886	1.0
3259	4829	1.0
3263	3263	1.0
3264	3335	1.0
2446	3006	1.0
2446	3349	1.0
245	2389	1.0
245	2502	1.0
245	2557	1.0
2452	3690	1.0
2453	2770	1.0
2455	2524	1.0
2458	2695	1.0
2410	2524	1.0
2402	2833	1.0
2397	3193	1.0
2395	3006	1.0
2414	3310	1.0
2421	4629	1.0
2426	2503	1.0
243	3185	1.0
2513	3447	1.0
2509	3438	1.0
2505	3661	1.0
2531	2774	1.0
2472	4843	1.0
2477	3996	1.0
2468	4987	1.0
2466	3207	1.0
2488	4940	1.0
2490	2774	1.0
2491	4712	1.0
2491	4553	1.0
2491	4233	1.0
2496	4599	1.0
250	3319	1.0
2291	3261	1.0
2291	3590	1.0
2290	2338	1.0
2281	4038	1.0
228	4185	1.0
2297	2430	1.0
230	4848	1.0
230	5129	1.0
2251	2254	1.0
2251	2543	1.0
225	2546	1.0
2249	2250	1.0
2249	2541	1.0
2249	2254	1.0
2249	2543	1.0
2249	2546	1.0
2249	2249	1.0
2240	4629	1.0
2235	2359	1.0
2256	4965	1.0
2256	4695	1.0
2257	4426	1.0
2364	3724	1.0
2362	3349	1.0
2356	4958	1.0
2378	2726	1.0
2381	2487	1.0
2392	2805	1.0
2315	5030	1.0
2323	2726	1.0
2325	2541	1.0
2340	3633	1.0
2351	5053	1.0
2738	4892	1.0
2734	3211	1.0
2731	4433	1.0
2706	3316	1.0
2700	5214	1.0
2722	4892	1.0
2815	4894	1.0
2814	2910	1.0
2826	3690	1.0
2832	2915	1.0
2837	4438	1.0
278	3992	1.0
2776	4610	1.0
2771	2772	1.0
2790	3992	1.0
280	1869	1.0
280	3751	1.0
2585	3778	1.0
2573	4820	1.0
2570	2906	1.0
2597	4668	1.0
260	4329	1.0
2549	5149	1.0
2544	3353	1.0
2555	4971	1.0
2562	2833	1.0
2562	2683	1.0
2562	3391	1.0
2564	3083	1.0
2567	5047	1.0
2662	4759	1.0
2664	3207	1.0
266	4029	1.0
2677	3258	1.0
2617	4206	1.0
2617	4719	1.0
2617	4884	1.0
2617	3124	1.0
2617	3450	1.0
3462	4420	1.0
3462	3972	1.0
3462	4029	1.0
2642	3588	1.0
2650	2987	1.0
2653	3837	1.0
