id:int64	feature:string
598	598
676	676
845	845
2867	2867
2901	2901
4058	4058
4282	4282
5148	5148
1375	1375
1833	1833
1874	1874
3309	3309
3346	3346
3946	3946
4969	4969
680	680
966	966
1969	1969
2031	2031
3273	3273
4409	4409
4510	4510
2916	2916
3021	3021
3061	3061
3477	3477
4674	4674
855	855
1467	1467
2321	2321
2358	2358
5189	5189
1021	1021
1199	1199
1258	1258
2076	2076
4131	4131
2618	2618
2619	2619
3913	3913
4323	4323
5142	5142
431	431
569	569
2479	2479
3115	3115
4088	4088
589	589
1662	1662
2045	2045
2339	2339
2350	2350
1502	1502
2493	2493
2955	2955
3255	3255
4015	4015
1565	1565
2123	2123
3332	3332
4691	4691
491	491
1396	1396
3755	3755
4943	4943
1277	1277
1714	1714
3531	3531
4910	4910
554	554
1149	1149
2119	2119
2616	2616
2267	2267
3867	3867
3907	3907
4479	4479
2761	2761
3252	3252
4461	4461
4737	4737
226	226
1575	1575
2883	2883
3188	3188
3660	3660
4048	4048
4105	4105
4422	4422
409	409
1455	1455
2577	2577
2965	2965
2138	2138
2202	2202
3761	3761
4513	4513
127	127
1598	1598
2632	2632
58	58
214	214
3792	3792
37	37
3414	3414
3452	3452
92	92
2949	2949
3434	3434
2139	2139
2667	2667
3767	3767
206	206
2079	2079
4402	4402
2116	2116
3098	3098
3650	3650
261	261
636	636
3202	3202
34	34
1427	1427
3307	3307
3659	3659
3901	3901
4125	4125
379	379
1877	1877
4207	4207
2598	2598
3076	3076
3984	3984
3629	3629
4448	4448
4597	4597
2926	2926
3542	3542
4275	4275
1702	1702
1897	1897
1982	1982
287	287
1838	1838
3732	3732
1694	1694
3457	3457
4642	4642
36	36
3421	3421
4518	4518
1689	1689
1816	1816
3774	3774
1670	1670
3196	3196
4138	4138
388	388
1654	1654
3997	3997
3347	3347
4041	4041
4923	4923
1871	1871
1973	1973
2390	2390
1101	1101
3469	3469
3749	3749
493	493
1425	1425
3318	3318
532	532
3954	3954
4999	4999
1248	1248
1686	1686
4319	4319
3549	3549
3958	3958
4581	4581
2702	2702
2851	2851
3323	3323
155	155
427	427
1369	1369
4178	4178
5051	5051
5059	5059
909	909
2844	2844
4437	4437
338	338
3014	3014
3429	3429
685	685
2571	2571
4076	4076
1009	1009
1553	1553
4701	4701
4635	4635
4739	4739
4740	4740
1012	1012
1940	1940
3197	3197
317	317
819	819
2352	2352
1036	1036
1552	1552
2879	2879
668	668
737	737
1505	1505
2329	2329
3034	3034
4350	4350
240	240
433	433
2836	2836
677	677
5127	5127
5140	5140
229	229
941	941
4150	4150
318	318
3965	3965
4476	4476
709	709
2980	2980
4441	4441
702	702
884	884
3795	3795
995	995
1615	1615
2840	2840
1578	1578
4541	4541
703	703
3478	3478
1609	1609
4748	4748
3022	3022
4618	4618
3023	3023
3707	3707
1599	1599
4680	4680
1596	1596
4459	4459
3033	3033
4396	4396
1584	1584
3927	3927
1583	1583
2403	2403
305	305
1551	1551
3052	3052
4315	4315
320	320
2996	2996
53	53
1520	1520
3181	3181
3988	3988
531	531
1254	1254
1349	1349
1469	1469
292	292
3651	3651
1461	1461
4497	4497
1645	1645
4868	4868
1684	1684
3758	3758
2951	2951
3481	3481
514	514
2409	2409
168	168
4071	4071
296	296
4659	4659
1366	1366
2060	2060
3921	3921
4626	4626
1668	1668
4338	4338
1658	1658
4797	4797
391	391
3863	3863
39	39
2262	2262
3897	3897
4729	4729
5206	5206
5213	5213
1638	1638
4970	4970
1628	1628
4237	4237
397	397
3576	3576
701	701
1451	1451
3879	3879
4592	4592
3004	3004
3609	3609
3712	3712
5098	5098
1683	1683
2142	2142
6	6
2219	2219
150	150
4210	4210
141	141
4787	4787
31	31
3029	3029
3158	3158
4254	4254
374	374
1895	1895
3798	3798
3942	3942
1495	1495
2793	2793
142	142
875	875
1431	1431
2798	2798
634	634
3013	3013
1481	1481
2349	2349
3116	3116
4302	4302
1448	1448
1449	1449
1457	1457
4613	4613
3783	3783
5095	5095
1473	1473
3720	3720
3782	3782
4340	4340
538	538
2542	2542
3064	3064
4053	4053
542	542
696	696
546	546
4866	4866
673	673
1807	1807
1389	1389
5087	5087
3067	3067
4641	4641
1546	1546
4252	4252
1544	1544
5197	5197
1541	1541
3906	3906
1393	1393
2021	2021
1533	1533
5033	5033
3081	3081
5004	5004
566	566
2743	2743
1524	1524
3886	3886
3170	3170
4274	4274
574	574
2084	2084
578	578
651	651
66	66
1535	1535
580	580
770	770
585	585
1432	1432
2534	2534
3775	3775
2579	2579
3486	3486
2118	2118
4833	4833
213	213
561	561
2143	2143
4141	4141
4317	4317
4790	4790
432	432
3293	3293
4331	4331
5097	5097
475	475
4930	4930
217	217
1489	1489
2173	2173
2314	2314
2525	2525
2777	2777
2186	2186
3384	3384
2506	2506
3012	3012
2207	2207
2648	2648
221	221
1839	1839
2068	2068
5084	5084
2635	2635
3718	3718
2630	2630
4220	4220
2625	2625
2713	2713
48	48
3454	3454
424	424
3804	3804
2220	2220
3192	3192
2602	2602
2973	2973
2080	2080
3152	3152
426	426
2324	2324
477	477
599	599
2096	2096
3470	3470
259	259
1280	1280
4277	4277
4389	4389
2396	2396
5186	5186
2424	2424
3492	3492
4548	4548
4989	4989
2316	2316
4905	4905
2317	2317
5040	5040
447	447
3059	3059
2289	2289
4160	4160
239	239
4411	4411
235	235
689	689
2354	2354
4335	4335
449	449
4997	4997
2366	2366
4240	4240
450	450
690	690
45	45
1057	1057
2373	2373
2909	2909
2253	2253
5145	5145
2486	2486
3844	3844
223	223
2361	2361
2244	2244
3511	3511
44	44
4047	4047
2464	2464
3073	3073
2274	2274
3940	3940
2275	2275
4123	4123
2445	2445
4231	4231
2284	2284
3902	3902
2285	2285
3569	3569
443	443
2433	2433
1841	1841
2434	2434
2821	2821
2830	2830
4055	4055
4060	4060
4062	4062
4636	4636
4065	4065
4485	4485
183	183
1395	1395
1837	1837
4507	4507
4044	4044
5042	5042
4081	4081
4523	4523
2791	2791
4263	4263
187	187
3639	3639
1870	1870
4807	4807
4968	4968
5198	5198
1878	1878
1991	1991
3979	3979
4155	4155
3981	3981
4011	4011
40	40
3016	3016
4006	4006
4721	4721
1763	1763
2134	2134
1764	1764
2415	2415
4014	4014
5223	5223
2864	2864
4715	4715
1879	1879
2037	2037
1779	1779
2105	2105
1789	1789
2633	2633
1792	1792
2725	2725
4039	4039
4891	4891
2000	2000
2563	2563
4165	4165
4765	4765
27	27
3071	3071
4182	4182
5036	5036
4856	4856
5182	5182
1995	1995
3714	3714
2002	2002
4512	4512
2671	2671
5032	5032
2652	2652
4647	4647
2651	2651
3047	3047
2647	2647
4257	4257
1913	1913
3999	3999
412	412
2081	2081
2759	2759
2919	2919
2752	2752
3807	3807
2751	2751
4606	4606
492	492
5188	5188
1935	1935
4502	4502
2721	2721
3402	3402
1063	1063
4318	4318
3626	3626
4424	4424
799	799
3461	3461
80	80
4287	4287
3409	3409
4664	4664
3288	3288
3473	3473
3510	3510
5147	5147
1061	1061
2199	2199
1062	1062
3898	3898
939	939
4072	4072
807	807
1597	1597
3295	3295
4838	4838
81	81
1241	1241
3615	3615
4295	4295
330	330
3888	3888
3612	3612
3648	3648
3518	3518
3731	3731
818	818
1453	1453
1073	1073
3008	3008
972	972
5137	5137
970	970
2198	2198
367	367
401	401
749	749
1404	1404
967	967
1796	1796
1034	1034
1774	1774
3249	3249
4042	4042
1284	1284
3164	3164
3658	3658
3968	3968
766	766
2391	2391
771	771
4056	4056
957	957
3601	3601
1266	1266
1814	1814
1259	1259
5071	5071
3372	3372
4310	4310
1180	1180
3691	3691
849	849
3463	3463
85	85
1182	1182
1117	1117
4860	4860
851	851
1215	1215
904	904
3282	3282
853	853
2994	2994
3373	3373
4775	4775
1115	1115
4173	4173
3548	3548
4143	4143
863	863
4901	4901
1159	1159
3931	3931
1157	1157
4684	4684
3350	3350
3809	3809
1152	1152
3579	3579
1140	1140
1225	1225
927	927
3175	3175
1081	1081
1285	1285
826	826
878	878
3602	3602
4929	4929
1084	1084
1086	1086
921	921
993	993
1092	1092
1407	1407
12	12
89	89
71	71
277	277
3324	3324
4092	4092
1109	1109
4745	4745
3326	3326
3875	3875
1187	1187
3949	3949
1333	1333
5019	5019
1326	1326
2370	2370
997	997
1107	1107
3208	3208
3529	3529
739	739
2516	2516
1017	1017
4853	4853
3221	3221
3233	3233
990	990
3227	3227
727	727
2631	2631
3680	3680
4755	4755
719	719
4662	4662
4195	4195
4215	4215
4216	4216
4196	4196
4478	4478
4475	4475
354	354
4194	4194
3536	3536
4219	4219
422	422
4221	4221
4193	4193
4222	4222
3522	3522
4223	4223
4480	4480
4204	4204
4199	4199
448	448
42	42
420	420
4200	4200
3467	3467
4201	4201
4202	4202
4203	4203
4197	4197
4208	4208
4198	4198
4481	4481
4212	4212
4213	4213
4214	4214
4256	4256
4470	4470
3526	3526
3471	3471
4248	4248
4249	4249
425	425
3525	3525
4250	4250
4253	4253
4255	4255
4245	4245
4258	4258
3472	3472
4469	4469
4259	4259
3474	3474
4260	4260
3475	3475
4264	4264
4225	4225
4226	4226
4227	4227
4228	4228
423	423
347	347
4232	4232
3532	3532
4234	4234
4224	4224
4236	4236
4472	4472
4238	4238
353	353
4239	4239
4471	4471
4242	4242
4133	4133
4134	4134
4135	4135
4136	4136
3554	3554
414	414
4140	4140
4142	4142
4144	4144
4145	4145
4146	4146
4132	4132
4148	4148
3553	3553
4149	4149
415	415
3550	3550
3465	3465
3547	3547
4152	4152
3560	3560
3488	3488
3563	3563
4118	4118
3464	3464
3562	3562
4120	4120
4121	4121
4122	4122
4124	4124
4126	4126
3561	3561
356	356
3559	3559
4495	4495
4128	4128
3558	3558
4129	4129
3557	3557
413	413
4130	4130
3541	3541
4489	4489
4177	4177
4179	4179
4487	4487
4183	4183
4174	4174
4483	4483
4186	4186
4187	4187
4189	4189
4190	4190
4191	4191
3540	3540
3546	3546
4156	4156
4159	4159
416	416
4161	4161
4491	4491
4162	4162
4192	4192
4164	4164
3545	3545
4166	4166
4168	4168
4169	4169
3543	3543
4171	4171
4172	4172
350	350
3502	3502
4379	4379
438	438
3484	3484
4447	4447
3500	3500
4383	4383
4384	4384
4385	4385
4446	4446
35	35
4387	4387
439	439
4390	4390
4391	4391
4392	4392
4393	4393
4369	4369
4359	4359
4360	4360
4364	4364
4365	4365
4450	4450
4366	4366
4367	4367
4368	4368
4397	4397
4449	4449
3506	3506
4370	4370
3505	3505
4371	4371
4372	4372
3504	3504
3503	3503
4375	4375
3483	3483
442	442
4414	4414
4415	4415
4416	4416
4417	4417
4418	4418
4419	4419
441	441
3487	3487
4423	4423
4431	4431
4427	4427
4428	4428
349	349
3489	3489
4430	4430
4440	4440
3499	3499
4444	4444
4443	4443
440	440
4400	4400
4401	4401
4357	4357
444	444
4405	4405
4406	4406
3491	3491
4300	4300
4290	4290
4293	4293
4294	4294
4297	4297
4298	4298
4299	4299
430	430
429	429
4301	4301
4303	4303
4306	4306
4307	4307
4308	4308
4309	4309
4279	4279
4265	4265
4266	4266
4267	4267
4268	4268
4271	4271
4272	4272
3521	3521
3520	3520
352	352
4278	4278
3514	3514
428	428
4466	4466
4281	4281
4285	4285
4286	4286
3517	3517
4288	4288
4452	4452
4337	4337
4339	4339
4341	4341
4454	4454
3482	3482
4342	4342
4343	4343
4345	4345
4346	4346
4453	4453
4336	4336
4348	4348
4349	4349
4351	4351
4352	4352
4451	4451
4353	4353
4354	4354
4355	4355
4356	4356
3513	3513
4313	4313
4314	4314
4316	4316
4320	4320
4322	4322
4467	4467
4325	4325
4327	4327
4328	4328
4330	4330
351	351
348	348
4333	4333
3645	3645
3818	3818
3819	3819
3820	3820
3644	3644
3643	3643
3824	3824
3642	3642
3826	3826
3817	3817
3640	3640
3828	3828
3829	3829
383	383
3637	3637
3832	3832
3634	3634
3833	3833
3797	3797
3657	3657
3656	3656
3799	3799
38	38
3800	3800
3654	3654
3802	3802
3653	3653
3803	3803
3652	3652
365	365
3806	3806
381	381
3649	3649
3810	3810
3811	3811
3814	3814
3815	3815
362	362
3622	3622
3857	3857
3858	3858
386	386
3860	3860
3861	3861
3862	3862
3864	3864
3620	3620
3866	3866
3868	3868
3869	3869
387	387
3871	3871
3872	3872
3874	3874
3619	3619
3876	3876
3618	3618
3617	3617
3881	3881
3631	3631
3835	3835
3836	3836
3630	3630
3838	3838
3628	3628
3627	3627
384	384
3840	3840
3841	3841
3842	3842
3843	3843
3624	3624
3847	3847
3848	3848
385	385
3851	3851
3853	3853
3856	3856
3734	3734
3721	3721
3687	3687
3723	3723
3726	3726
3685	3685
3728	3728
373	373
3730	3730
3733	3733
3688	3688
3736	3736
3737	3737
3682	3682
3739	3739
3681	3681
3740	3740
3741	3741
368	368
3743	3743
3744	3744
3695	3695
370	370
3699	3699
3696	3696
3705	3705
3706	3706
3708	3708
3709	3709
3710	3710
3745	3745
3711	3711
3713	3713
3715	3715
3716	3716
3692	3692
3719	3719
369	369
3689	3689
372	372
3785	3785
3776	3776
3777	3777
3779	3779
3669	3669
3780	3780
3784	3784
3772	3772
3786	3786
3664	3664
3663	3663
3662	3662
3790	3790
3793	3793
3674	3674
3746	3746
3747	3747
3748	3748
3750	3750
3754	3754
3757	3757
3882	3882
376	376
3672	3672
3765	3765
3766	3766
3671	3671
3769	3769
3670	3670
377	377
3770	3770
3581	3581
3583	3583
3582	3582
4031	4031
4032	4032
4034	4034
4036	4036
4037	4037
404	404
4040	4040
4028	4028
4046	4046
4049	4049
405	405
4051	4051
4054	4054
358	358
4057	4057
406	406
4061	4061
3578	3578
4017	4017
400	400
4003	4003
4005	4005
4007	4007
4008	4008
3589	3589
4010	4010
4013	4013
3587	3587
4064	4064
3586	3586
402	402
3585	3585
4021	4021
3584	3584
4024	4024
4025	4025
4026	4026
4093	4093
4096	4096
4097	4097
4098	4098
4099	4099
41	41
3570	3570
3568	3568
410	410
3567	3567
4090	4090
4101	4101
4102	4102
4103	4103
4104	4104
4106	4106
4110	4110
4111	4111
4112	4112
4067	4067
4068	4068
4069	4069
4070	4070
4074	4074
4075	4075
3574	3574
4	4
4079	4079
408	408
4080	4080
3573	3573
3572	3572
3571	3571
4086	4086
4087	4087
4089	4089
3929	3929
3917	3917
3918	3918
3919	3919
392	392
361	361
3920	3920
3607	3607
3922	3922
3923	3923
3924	3924
3925	3925
3926	3926
3916	3916
393	393
3606	3606
3930	3930
3604	3604
3932	3932
3933	3933
3600	3600
360	360
3934	3934
3936	3936
3937	3937
3599	3599
3899	3899
3889	3889
389	389
3890	3890
3895	3895
3896	3896
3938	3938
3611	3611
390	390
3904	3904
3905	3905
3908	3908
3909	3909
3610	3610
3910	3910
3912	3912
3914	3914
3915	3915
3983	3983
3592	3592
3970	3970
3591	3591
3976	3976
3978	3978
3980	3980
3982	3982
3985	3985
3987	3987
3990	3990
3991	3991
3995	3995
359	359
3998	3998
3953	3953
3939	3939
3941	3941
3945	3945
3947	3947
3948	3948
3598	3598
3597	3597
3955	3955
3959	3959
3961	3961
3595	3595
3966	3966
3594	3594
3967	3967
3593	3593
591	591
588	588
587	587
586	586
584	584
582	582
592	592
579	579
577	577
576	576
575	575
573	573
570	570
594	594
597	597
60	60
601	601
602	602
603	603
604	604
606	606
607	607
608	608
609	609
537	537
541	541
539	539
550	550
536	536
533	533
530	530
528	528
61	61
551	551
552	552
553	553
555	555
556	556
557	557
559	559
56	56
563	563
565	565
567	567
57	57
653	653
661	661
660	660
657	657
654	654
652	652
650	650
647	647
664	664
666	666
669	669
670	670
672	672
674	674
678	678
68	68
681	681
682	682
683	683
684	684
625	625
610	610
611	611
612	612
614	614
615	615
617	617
618	618
619	619
620	620
624	624
526	526
626	626
631	631
635	635
637	637
638	638
639	639
64	64
640	640
641	641
642	642
5144	5144
5153	5153
5152	5152
5151	5151
5150	5150
515	515
5146	5146
5143	5143
5139	5139
5136	5136
5135	5135
5134	5134
5133	5133
5156	5156
5159	5159
5160	5160
5161	5161
5162	5162
5163	5163
5164	5164
5167	5167
5169	5169
511	511
5117	5117
5116	5116
5115	5115
5114	5114
5113	5113
5111	5111
5118	5118
5109	5109
5108	5108
5106	5106
5105	5105
5104	5104
517	517
5119	5119
512	512
5122	5122
5123	5123
5124	5124
5126	5126
5128	5128
513	513
5132	5132
5215	5215
5222	5222
5218	5218
5217	5217
5211	5211
5209	5209
5204	5204
5228	5228
5229	5229
5230	5230
5232	5232
5235	5235
5238	5238
5240	5240
525	525
5170	5170
5171	5171
5172	5172
5175	5175
5176	5176
5178	5178
518	518
5181	5181
5184	5184
5185	5185
686	686
5190	5190
5191	5191
5193	5193
5194	5194
5195	5195
891	891
898	898
897	897
896	896
90	90
889	889
888	888
887	887
885	885
900	900
901	901
902	902
903	903
905	905
906	906
91	91
910	910
914	914
918	918
848	848
860	860
859	859
856	856
852	852
850	850
844	844
842	842
840	840
862	862
864	864
866	866
867	867
872	872
874	874
976	976
973	973
97	97
969	969
964	964
978	978
962	962
960	960
956	956
979	979
98	98
980	980
981	981
982	982
988	988
99	99
992	992
994	994
938	938
922	922
923	923
924	924
926	926
929	929
93	93
930	930
931	931
940	940
942	942
943	943
947	947
95	95
953	953
738	738
747	747
744	744
740	740
748	748
736	736
735	735
734	734
731	731
73	73
75	75
753	753
754	754
756	756
759	759
76	76
761	761
763	763
698	698
704	704
700	700
7	7
699	699
708	708
694	694
693	693
692	692
691	691
69	69
688	688
765	765
711	711
712	712
713	713
717	717
718	718
72	72
722	722
723	723
726	726
728	728
813	813
822	822
820	820
82	82
816	816
815	815
814	814
810	810
809	809
808	808
804	804
803	803
825	825
828	828
832	832
833	833
834	834
838	838
839	839
767	767
768	768
769	769
77	77
772	772
773	773
774	774
776	776
783	783
788	788
79	79
790	790
791	791
792	792
795	795
797	797
800	800
4709	4709
4708	4708
4706	4706
4704	4704
4702	4702
470	470
47	47
4699	4699
4697	4697
4714	4714
4722	4722
4723	4723
4724	4724
4726	4726
473	473
4665	4665
4670	4670
4667	4667
4666	4666
4663	4663
466	466
4656	4656
4655	4655
4732	4732
4676	4676
4679	4679
468	468
4683	4683
4686	4686
4689	4689
469	469
4781	4781
479	479
4789	4789
4788	4788
4782	4782
4792	4792
4772	4772
4793	4793
480	480
4801	4801
4805	4805
4808	4808
481	481
4733	4733
4736	4736
4741	4741
4743	4743
4744	4744
4749	4749
4750	4750
4653	4653
4761	4761
4766	4766
4767	4767
4770	4770
4554	4554
4550	4550
455	455
4545	4545
4539	4539
4560	4560
4561	4561
4563	4563
4564	4564
4565	4565
4566	4566
4568	4568
4569	4569
4572	4572
4573	4573
4506	4506
4520	4520
452	452
4517	4517
4515	4515
4514	4514
4505	4505
4504	4504
4503	4503
4501	4501
4499	4499
4575	4575
4524	4524
4525	4525
4527	4527
4529	4529
4531	4531
4534	4534
4622	4622
4630	4630
463	463
4625	4625
4624	4624
4632	4632
4621	4621
4617	4617
4616	4616
4615	4615
4634	4634
4646	4646
4649	4649
465	465
4576	4576
4577	4577
4582	4582
4586	4586
4590	4590
4593	4593
4811	4811
4598	4598
460	460
4602	4602
4603	4603
4605	4605
4607	4607
4608	4608
4612	4612
5002	5002
5010	5010
5009	5009
5007	5007
5003	5003
5001	5001
5000	5000
50	50
4996	4996
4995	4995
4994	4994
4993	4993
5013	5013
5014	5014
5015	5015
5016	5016
5017	5017
5022	5022
5024	5024
5025	5025
4972	4972
4967	4967
4966	4966
4976	4976
4959	4959
4977	4977
4978	4978
4979	4979
498	498
4980	4980
4982	4982
4983	4983
4984	4984
4985	4985
4992	4992
5075	5075
5080	5080
5079	5079
5078	5078
5077	5077
5074	5074
5072	5072
5070	5070
507	507
5069	5069
5068	5068
5088	5088
5089	5089
509	509
5091	5091
5092	5092
5094	5094
5096	5096
51	51
5101	5101
503	503
5034	5034
5038	5038
5043	5043
5044	5044
5046	5046
5048	5048
505	505
5054	5054
5055	5055
5057	5057
5061	5061
5063	5063
5064	5064
5065	5065
4862	4862
4861	4861
4857	4857
4855	4855
4849	4849
4867	4867
487	487
4872	4872
4873	4873
4874	4874
4875	4875
4876	4876
4878	4878
4879	4879
488	488
482	482
4825	4825
4821	4821
4817	4817
4814	4814
4813	4813
4830	4830
4832	4832
4844	4844
4845	4845
4932	4932
4931	4931
4928	4928
4926	4926
4924	4924
4922	4922
4918	4918
4917	4917
4941	4941
4944	4944
4947	4947
4949	4949
495	495
4952	4952
4953	4953
4955	4955
4882	4882
4883	4883
4886	4886
4893	4893
4896	4896
4496	4496
49	49
4900	4900
4904	4904
4907	4907
4911	4911
4914	4914
1822	1822
182	182
1819	1819
1818	1818
1817	1817
1815	1815
1811	1811
1805	1805
1824	1824
1825	1825
1826	1826
1827	1827
1828	1828
1830	1830
1835	1835
184	184
1842	1842
1843	1843
1846	1846
1776	1776
1785	1785
1784	1784
1783	1783
1781	1781
1780	1780
1773	1773
1770	1770
1790	1790
1793	1793
1795	1795
1799	1799
18	18
1908	1908
1905	1905
1904	1904
1903	1903
1900	1900
19	19
1898	1898
1892	1892
1911	1911
1912	1912
1917	1917
1919	1919
192	192
1920	1920
1922	1922
1923	1923
1924	1924
1862	1862
1860	1860
1858	1858
1857	1857
1865	1865
1855	1855
1853	1853
1849	1849
1766	1766
1872	1872
1876	1876
188	188
1880	1880
1881	1881
1883	1883
1888	1888
1889	1889
1665	1665
1674	1674
1672	1672
167	167
1666	1666
1664	1664
1663	1663
1660	1660
1659	1659
1676	1676
1678	1678
1679	1679
1680	1680
1681	1681
1688	1688
1690	1690
1696	1696
1633	1633
1632	1632
1631	1631
1630	1630
163	163
1626	1626
1625	1625
1624	1624
1622	1622
1641	1641
1642	1642
1648	1648
165	165
1650	1650
1651	1651
1653	1653
1655	1655
1740	1740
1748	1748
1747	1747
1744	1744
1743	1743
1741	1741
1749	1749
174	174
1735	1735
1732	1732
1731	1731
1753	1753
1757	1757
1758	1758
176	176
1762	1762
171	171
1709	1709
1715	1715
1704	1704
1700	1700
1699	1699
1698	1698
1716	1716
1720	1720
1721	1721
1723	1723
1725	1725
1730	1730
2124	2124
2130	2130
2128	2128
2126	2126
2133	2133
2122	2122
2113	2113
2136	2136
2141	2141
2145	2145
2151	2151
2152	2152
2155	2155
2087	2087
2095	2095
2094	2094
2091	2091
209	209
2089	2089
208	208
2077	2077
2156	2156
2100	2100
2101	2101
2103	2103
2106	2106
2110	2110
2111	2111
2204	2204
2212	2212
2209	2209
2208	2208
2203	2203
2201	2201
220	220
2216	2216
222	222
2221	2221
2228	2228
2230	2230
2232	2232
2175	2175
2172	2172
2170	2170
2169	2169
2168	2168
2167	2167
2166	2166
2176	2176
2164	2164
2162	2162
2161	2161
2160	2160
216	216
2157	2157
2075	2075
2177	2177
2184	2184
2185	2185
2189	2189
2192	2192
1981	1981
1978	1978
1977	1977
1972	1972
1970	1970
1968	1968
1966	1966
1962	1962
1985	1985
1990	1990
1992	1992
1993	1993
1994	1994
1999	1999
1944	1944
1942	1942
1938	1938
1932	1932
1931	1931
193	193
1929	1929
1949	1949
1950	1950
1954	1954
1955	1955
1960	1960
1961	1961
2048	2048
2056	2056
2055	2055
2052	2052
205	205
2057	2057
2043	2043
2041	2041
2040	2040
2039	2039
2038	2038
2062	2062
2065	2065
2069	2069
207	207
2072	2072
2074	2074
2017	2017
2001	2001
2006	2006
2007	2007
2008	2008
2009	2009
201	201
2011	2011
2012	2012
2014	2014
2015	2015
2016	2016
1620	1620
202	202
2020	2020
2022	2022
2024	2024
203	203
2030	2030
2034	2034
1206	1206
1211	1211
1201	1201
1200	1200
1197	1197
1195	1195
1194	1194
1193	1193
1213	1213
1216	1216
1218	1218
1219	1219
1220	1220
1221	1221
1223	1223
1224	1224
1166	1166
1174	1174
1171	1171
1175	1175
1162	1162
1160	1160
1229	1229
1176	1176
1177	1177
1178	1178
118	118
1181	1181
1183	1183
1184	1184
1186	1186
1190	1190
1191	1191
1279	1279
129	129
1288	1288
1287	1287
1286	1286
1281	1281
1276	1276
1272	1272
1271	1271
1293	1293
1295	1295
1296	1296
1301	1301
1245	1245
1243	1243
1242	1242
124	124
1238	1238
1235	1235
1232	1232
1156	1156
1250	1250
1251	1251
1256	1256
1257	1257
126	126
1262	1262
1264	1264
1265	1265
1046	1046
1045	1045
1051	1051
1041	1041
1040	1040
1054	1054
1055	1055
1056	1056
106	106
1064	1064
1065	1065
1068	1068
1007	1007
1014	1014
1013	1013
1011	1011
101	101
1005	1005
1002	1002
1	1
107	107
1019	1019
1020	1020
1024	1024
1026	1026
1027	1027
103	103
1032	1032
1136	1136
1134	1134
1131	1131
1130	1130
1126	1126
1123	1123
112	112
1143	1143
1148	1148
1091	1091
1070	1070
1076	1076
1077	1077
1079	1079
108	108
1080	1080
1082	1082
1085	1085
1088	1088
1090	1090
1096	1096
1097	1097
1112	1112
1516	1516
1515	1515
1514	1514
1512	1512
151	151
1507	1507
1506	1506
1504	1504
1523	1523
1528	1528
1531	1531
1532	1532
1536	1536
1537	1537
1538	1538
1478	1478
1477	1477
1480	1480
1468	1468
1466	1466
1465	1465
154	154
1484	1484
1486	1486
149	149
1491	1491
1496	1496
1498	1498
1499	1499
15	15
160	160
16	16
1592	1592
1589	1589
1588	1588
1587	1587
1585	1585
1581	1581
1604	1604
1608	1608
1612	1612
1613	1613
1614	1614
1617	1617
1619	1619
162	162
1554	1554
1561	1561
156	156
1558	1558
1556	1556
1550	1550
1549	1549
1547	1547
1543	1543
1540	1540
1460	1460
1567	1567
1568	1568
1569	1569
157	157
1570	1570
1576	1576
136	136
1357	1357
1360	1360
1347	1347
1346	1346
1344	1344
1361	1361
1362	1362
1371	1371
1372	1372
1373	1373
1374	1374
1377	1377
1322	1322
1320	1320
1323	1323
1312	1312
1311	1311
1378	1378
1330	1330
1335	1335
1337	1337
1339	1339
1434	1434
1439	1439
1424	1424
1419	1419
1440	1440
1442	1442
1444	1444
1445	1445
1446	1446
145	145
1454	1454
1459	1459
1399	1399
1382	1382
1385	1385
1386	1386
139	139
1390	1390
1391	1391
1394	1394
1398	1398
1401	1401
1402	1402
1405	1405
1408	1408
1409	1409
1414	1414
3057	3057
3056	3056
3049	3049
3048	3048
3046	3046
3066	3066
3068	3068
307	307
308	308
3082	3082
302	302
3019	3019
3015	3015
3011	3011
3010	3010
301	301
3020	3020
3002	3002
3000	3000
300	300
3025	3025
3030	3030
3038	3038
3041	3041
3132	3132
313	313
3128	3128
3135	3135
3122	3122
3120	3120
3137	3137
3139	3139
314	314
3140	3140
3142	3142
3144	3144
3148	3148
315	315
3099	3099
3096	3096
3095	3095
3094	3094
3092	3092
3090	3090
309	309
3088	3088
3085	3085
3104	3104
3106	3106
311	311
3110	3110
3112	3112
3113	3113
290	290
29	29
289	289
2889	2889
2888	2888
2907	2907
291	291
2911	2911
2912	2912
2914	2914
2924	2924
2860	2860
2858	2858
2849	2849
2845	2845
2869	2869
2870	2870
2872	2872
2873	2873
288	288
2880	2880
2881	2881
2981	2981
298	298
2976	2976
2975	2975
2974	2974
2971	2971
2970	2970
2968	2968
2964	2964
2984	2984
2985	2985
2988	2988
2993	2993
2998	2998
2999	2999
2941	2941
2938	2938
2937	2937
2931	2931
2929	2929
2944	2944
2945	2945
2948	2948
2957	2957
2962	2962
2963	2963
3363	3363
3361	3361
3359	3359
3357	3357
3355	3355
3348	3348
3365	3365
337	337
3375	3375
3377	3377
3381	3381
3328	3328
3327	3327
3325	3325
3322	3322
3329	3329
3312	3312
3330	3330
3331	3331
3339	3339
3341	3341
3342	3342
3344	3344
3431	3431
344	344
3436	3436
343	343
3424	3424
3423	3423
342	342
3441	3441
3442	3442
3451	3451
3458	3458
3459	3459
3397	3397
3396	3396
3392	3392
3388	3388
3400	3400
3406	3406
3408	3408
3415	3415
3417	3417
3418	3418
3204	3204
3214	3214
3209	3209
3215	3215
3200	3200
3195	3195
3216	3216
322	322
3222	3222
3224	3224
323	323
3232	3232
3234	3234
3171	3171
3169	3169
3168	3168
3161	3161
3235	3235
3174	3174
3177	3177
3179	3179
3182	3182
3186	3186
3187	3187
3190	3190
3276	3276
3275	3275
3270	3270
3292	3292
3297	3297
3298	3298
33	33
3302	3302
3304	3304
3306	3306
3253	3253
3236	3236
324	324
3250	3250
3256	3256
3257	3257
3259	3259
3260	3260
3262	3262
3263	3263
3264	3264
3265	3265
2446	2446
2442	2442
2440	2440
2449	2449
2437	2437
2432	2432
245	245
2452	2452
2453	2453
2455	2455
2458	2458
2459	2459
2412	2412
2411	2411
2410	2410
2402	2402
2400	2400
2397	2397
2395	2395
2414	2414
2416	2416
2421	2421
2425	2425
2426	2426
243	243
2515	2515
2513	2513
2509	2509
2505	2505
2521	2521
2527	2527
2529	2529
2531	2531
2532	2532
2533	2533
2536	2536
2472	2472
2480	2480
2477	2477
2474	2474
2468	2468
2467	2467
2466	2466
2488	2488
249	249
2490	2490
2491	2491
2496	2496
2498	2498
25	25
250	250
2292	2292
2291	2291
2290	2290
2281	2281
228	228
2272	2272
2297	2297
230	230
2304	2304
2251	2251
225	225
2249	2249
2240	2240
2235	2235
2256	2256
2257	2257
2258	2258
2266	2266
2364	2364
2368	2368
2362	2362
2356	2356
2376	2376
2377	2377
2378	2378
2381	2381
2385	2385
2392	2392
2311	2311
2315	2315
2320	2320
2323	2323
2325	2325
233	233
2337	2337
2340	2340
2343	2343
2346	2346
2351	2351
2737	2737
2746	2746
2744	2744
2742	2742
2741	2741
2739	2739
2738	2738
2734	2734
2732	2732
2731	2731
2754	2754
2763	2763
2765	2765
2699	2699
2708	2708
2706	2706
2703	2703
2700	2700
2722	2722
2724	2724
2818	2818
2815	2815
2814	2814
2812	2812
2808	2808
2826	2826
2829	2829
2832	2832
2834	2834
2837	2837
2838	2838
2839	2839
2842	2842
2783	2783
2780	2780
278	278
2776	2776
2771	2771
2788	2788
2790	2790
2792	2792
280	280
2801	2801
2802	2802
2589	2589
2585	2585
2576	2576
2573	2573
2570	2570
257	257
2592	2592
2593	2593
2597	2597
260	260
2605	2605
2549	2549
2548	2548
2544	2544
2538	2538
2555	2555
256	256
2561	2561
2562	2562
2564	2564
2566	2566
2567	2567
2662	2662
2665	2665
2664	2664
2674	2674
2661	2661
266	266
2657	2657
2655	2655
2677	2677
268	268
2687	2687
2689	2689
2617	2617
2623	2623
2624	2624
3462	3462
2642	2642
2643	2643
2645	2645
2650	2650
2653	2653
