id:int64
598
1375
680
2916
855
1021
2618
431
589
1502
1565
491
1277
554
2267
226
3660
409
127
58
37
92
2139
206
2116
34
3659
379
2598
3629
2926
287
1694
36
1689
1670
388
3347
1101
493
532
1248
3549
2702
155
4178
909
685
4635
317
1036
2329
240
677
229
318
709
702
995
1578
703
1609
3022
3023
1599
1584
1583
3181
531
1349
1461
1684
514
168
296
3921
1668
1658
391
3897
5206
1638
397
3879
3004
3712
1683
6
150
3158
374
1495
142
634
1481
3783
3782
3064
546
1389
3067
1546
1544
1541
1393
1533
3081
566
1524
574
66
580
585
2118
2143
432
4331
475
217
2173
2525
2506
2207
2068
2635
2630
2625
48
2220
2602
426
259
4277
2396
2424
4548
447
2289
449
2366
450
45
2373
2253
2486
2464
2274
2275
443
1841
2821
4062
183
1837
4044
4081
2791
187
1870
4968
3979
40
4006
1763
1764
1789
1792
2000
4182
1995
2671
2651
1913
2752
2751
492
1935
2721
1063
3626
80
3288
3510
1061
1062
3518
1073
970
367
749
967
3249
1284
3658
771
957
1266
1259
1180
849
904
3373
863
1157
1140
927
1081
826
3602
1084
921
1092
12
71
1109
3326
1187
1333
1326
997
739
1017
3221
990
727
3680
719
4196
4475
4194
3536
4221
4193
4223
4480
4204
4199
448
3467
4203
4208
4198
4212
4214
4256
4470
3526
3471
4250
4255
4258
3472
3474
4260
4264
4225
4226
4227
423
4232
3532
4224
4472
4238
4239
4471
4242
4134
3554
414
4140
4142
4145
4146
4132
4149
3547
4152
3488
3464
3562
4121
3561
356
3559
4495
4129
4130
4179
4487
4483
4189
3546
4156
4159
416
4161
4491
4162
4192
4168
4169
3543
350
4379
3484
4447
3500
4383
4385
4446
35
4390
4391
4393
4369
4359
4364
4365
4366
4397
4370
4371
4372
3504
3503
4414
4416
4417
4419
3487
4427
4440
3499
4443
4405
4290
4294
4297
4298
4299
430
4301
4306
4309
4265
4266
4267
4268
4271
4272
3521
3520
428
4466
4285
4337
4339
4341
4454
4342
4345
4346
4453
4336
4349
4351
4451
4355
4356
3513
4313
4314
4316
4320
4322
4467
4327
4330
351
348
3645
3818
3819
3643
3642
3826
383
3637
3832
3634
3833
3797
3657
3799
3800
3654
3653
365
3806
381
3649
3810
3811
3814
3815
362
3622
3858
3860
3861
3862
3864
3620
3869
3871
3872
3874
3619
3876
3631
3835
3836
3628
3627
385
3853
3856
3734
3726
3728
373
3733
3688
3682
3681
3740
3695
370
3706
3710
3711
3719
369
372
3776
3779
3669
3780
3784
3786
3663
3662
3793
3674
3746
3747
3748
3754
3882
3765
3766
3671
3581
3583
3582
4034
4036
4037
4040
4028
4046
4054
358
406
4061
4008
3589
4013
3587
402
3584
4024
4026
4097
4099
3570
3568
410
4101
4102
4104
4067
4069
4070
4075
4079
408
3573
4086
3917
392
361
3920
3926
3916
3606
3930
3932
3933
3600
360
3934
389
3890
3896
3904
3908
3909
3910
3912
3915
3983
3970
3591
3976
3980
3998
3939
3945
3959
3961
3595
3594
3593
588
592
577
576
573
570
60
602
607
608
609
537
536
528
61
553
555
559
56
57
653
661
652
650
647
664
669
670
672
681
683
612
617
619
624
526
635
638
642
5144
515
5136
5135
5160
5162
5169
5117
5116
5115
5109
5108
5105
5104
517
5119
5123
5126
513
5132
5215
5222
5218
5217
5204
5229
5230
5232
5235
5238
5170
5171
5178
5181
5184
5185
686
5190
5193
898
897
90
889
885
902
906
91
910
914
918
860
856
844
842
840
862
864
866
973
964
98
980
982
988
99
938
922
923
924
929
93
930
940
942
947
738
747
744
740
748
736
753
759
763
698
704
700
7
694
693
692
69
688
711
712
713
717
72
722
723
726
728
813
822
816
815
810
809
808
825
833
767
773
776
79
790
791
792
797
4708
4704
4702
4714
4724
4726
4665
4670
4667
4656
4732
468
4781
4788
4782
4792
4793
480
4808
481
4741
4743
4744
4750
4653
4770
4550
4545
4539
4563
4566
4572
4573
452
4515
4514
4505
4503
4499
4575
4524
4525
4527
4531
4534
4630
4625
4617
4616
4615
4649
465
4577
4582
4586
4590
4593
4811
4598
4603
4605
4607
4608
5010
5009
5003
5001
5000
50
4996
4994
5013
5014
5017
5024
4967
4966
4976
4959
4977
4978
4980
4982
4983
5080
5079
5078
5077
5072
5070
507
5069
5091
5034
5046
505
5055
5057
5061
5064
4861
4857
4849
487
4873
4874
4876
4825
4821
4814
4813
4832
4845
4928
4924
4922
4918
4941
4944
4947
4949
495
4952
4955
4883
4886
4893
4896
4496
49
4900
4907
4911
4914
1822
182
1819
1815
1805
1825
1826
1828
184
1842
1846
1784
1795
1904
1900
19
1898
1892
1912
1919
1922
1924
1860
1857
1853
1849
1766
1876
1881
1883
1672
1664
1663
1660
1659
1678
1681
1690
1696
1631
1625
1641
1642
1650
1651
1740
1747
1743
1741
1749
174
1735
1753
176
1762
171
1709
1704
1698
1720
1721
1723
1730
2130
2122
2136
2141
2151
2095
2091
2089
2156
2106
2110
2111
2212
220
2216
2230
2232
2175
2170
2164
2161
2157
2177
1978
1977
1970
1968
1966
1990
1992
1994
1999
1938
1932
1931
2056
205
2065
2069
2074
2007
2008
2009
201
2012
2014
2016
202
2022
2024
1195
1194
1193
1216
1218
1219
1221
1223
1224
1174
1171
1162
1160
1176
1177
118
1181
1184
1186
1190
1191
129
1286
1276
1272
1271
1293
1296
1243
1235
1156
1250
1265
1051
1041
1056
1064
1065
1014
1013
101
1
1019
1136
1134
1143
1070
1076
1079
108
1080
1082
1085
1096
1516
151
1507
1506
1504
1523
1528
1532
1478
1477
1468
1466
154
1484
1486
1491
160
1589
1588
1585
1581
1608
1612
1613
156
1558
1549
1547
1567
1569
1570
136
1347
1346
1372
1312
1311
1335
1434
1439
1424
1419
145
1454
1459
1399
1382
1385
1386
1390
1394
1398
1401
1405
3049
3066
3068
308
3082
302
3011
301
3020
3002
3000
300
3038
3041
313
3135
3139
314
3140
3142
3099
3092
3088
3104
3110
290
29
2889
2907
2912
2914
2924
2849
2869
2870
2880
298
2974
2971
2970
2968
2964
2988
2993
2999
2941
2937
2944
2957
3348
3365
3377
3381
3328
3327
3325
3329
3312
3331
3339
3341
3342
3344
3431
343
3423
342
3441
3442
3451
3458
3397
3392
3400
3406
3417
3214
3209
3215
3200
3195
3216
3224
323
3232
3168
3161
3174
3177
3179
3182
3186
3276
3275
3292
3298
3302
324
3250
3256
3257
3260
2446
2442
2440
2437
245
2452
2453
2455
2459
2412
2410
2397
2425
2426
243
2513
2509
2527
2531
2532
2533
2536
2477
2474
2468
2467
2466
2488
2491
25
2292
2291
2281
228
230
225
2240
2235
2258
2376
2378
2381
2392
2323
233
2744
2739
2731
2754
2699
2703
2700
2722
2724
2815
2814
2812
2808
2834
2837
2839
2842
2783
2780
278
2776
2788
2792
280
2576
2573
2593
2597
2605
2548
2544
2555
2562
2566
2662
2665
2664
2674
266
2657
2655
2677
268
2687
2617
3462
2645
