id:int64
4376
4850
1658
3566
2275
2389
2116
1079
3060
2916
4711
4008
3853
11
1958
5170
2306
3660
2481
3199
694
2937
4332
4534
388
361
3161
2751
4952
1975
5120
1670
628
3756
589
3221
2739
3836
688
730
3499
230
3242
5129
4982
3673
3976
1187
258
4934
1277
4537
1968
802
1672
2748
982
598
4163
2007
3959
69
1764
4714
2527
1397
2781
4824
4849
2095
4847
3738
2000
2614
4695
25
830
4637
2468
3186
3394
2721
5017
3588
4178
3397
2598
2880
3006
3643
36
798
1849
2235
2457
379
2875
514
1346
5221
2300
2547
4870
1375
2164
1004
1508
1760
2700
3516
3377
3419
585
2681
2705
282
4471
3023
493
922
3934
499
248
970
3532
2773
174
2194
2618
4820
1349
2196
722
3032
2267
4669
1759
1684
2371
912
2613
2243
3333
1042
4212
450
574
1050
677
755
4043
3519
4908
146
4828
4377
3344
4399
749
2111
2264
2312
3182
1546
3077
2752
302
1141
559
1826
3027
1873
2424
4225
409
406
1502
2106
2376
916
3266
4226
1705
2636
4024
1174
173
1156
4294
1708
3209
1772
4724
2566
715
1775
4811
2291
3972
2263
4285
3069
3110
2412
1393
3067
1898
1792
3084
4583
964
1650
127
1263
1719
707
4630
2740
4949
2630
2525
2590
2332
609
2392
1631
726
1558
743
4768
5149
1836
727
3827
251
3581
1216
4744
5102
178
1822
4361
3674
1786
4196
5232
1694
431
2381
2387
2246
3392
2506
4958
147
1327
2609
889
1133
4381
1887
670
4671
4168
1542
4067
2018
3331
4417
156
5072
988
2982
736
3878
3001
782
1752
513
906
2232
2147
308
1504
580
5169
1151
2296
3510
1259
63
3314
351
1766
3725
1487
1120
4442
1028
243
1990
3956
4812
3111
4944
532
681
2941
3020
3908
4582
3267
3088
115
1303
4635
4453
245
3347
4455
3287
3232
3103
3328
2353
4594
4365
706
930
3151
4385
490
2399
885
3439
4100
536
721
4653
3213
2530
1997
4688
3360
3917
1343
2406
2813
1663
1306
944
1098
1488
4887
1570
1021
746
946
4199
1788
267
2177
1329
3776
3488
1870
1657
2032
37
3189
679
4639
1912
1710
1016
3142
1856
136
2758
4595
138
5168
3561
4531
3740
3381
1885
1506
4250
3852
3336
1390
3301
3068
3933
3366
1479
5233
4002
1062
3801
3659
3140
392
2874
3471
2999
3149
1218
5108
4000
2114
1154
4857
3712
1223
1033
880
3407
306
526
2560
5013
4419
753
1084
3668
914
954
54
5099
2952
1986
2674
1784
4906
1430
3717
1544
1109
1478
3620
3223
5185
4446
2501
1170
3075
4615
4586
1434
2357
2513
462
1221
3432
1243
950
5115
4900
301
2792
3368
824
316
1947
5171
3669
206
1485
1704
3442
4886
2319
1326
3726
1389
1399
1212
4258
825
4936
2754
3268
3446
1860
2118
4976
2442
3125
815
2607
554
4193
2338
2394
55
2920
588
3683
1224
629
287
4649
3119
1454
4574
2825
2282
3200
4771
4945
164
1365
50
2461
771
4312
2359
2716
507
4962
4884
4735
3980
225
1746
5239
4954
3518
4687
704
4903
98
4443
4054
5162
4893
271
3081
1971
2544
4498
108
729
1735
553
4717
4232
228
3472
1124
61
1367
4916
1085
495
363
3500
1014
3177
5091
1930
3964
357
918
840
5003
350
1724
4809
4044
2308
5178
2877
1742
3825
1019
1956
868
4156
2423
416
2063
1492
1524
4909
3677
452
1193
1317
5077
3833
2129
669
3410
3722
3649
929
2884
58
909
472
1286
4301
3501
1491
4835
2165
3874
4204
449
491
5030
195
3830
3983
2686
3422
1137
4977
3932
1842
4608
5173
4521
781
99
805
4416
1072
5079
1294
2687
3864
3657
3302
272
1266
4036
2944
983
4413
3834
1578
4795
1881
2213
1777
921
4966
1516
1541
596
1907
240
723
2640
4059
4810
4239
1913
1547
4491
3466
778
268
4792
4351
3168
1420
3086
4342
990
3909
2657
4808
2024
3340
3105
940
3627
2828
2966
2719
886
5222
4470
3495
1459
1135
5190
2784
3063
2917
1957
4959
4553
1611
5000
2397
4018
1756
1613
3638
3681
3178
4290
2005
4535
3816
1162
403
3104
1883
3474
342
4205
4267
4420
176
5206
4297
949
1608
2635
2677
348
1136
5062
3808
4707
5057
295
3043
1683
2522
1607
2899
1447
4726
1609
967
4536
3114
3952
4759
3325
827
3041
2425
519
1528
2478
2365
4477
2446
1139
2711
5001
3530
3754
2580
1660
3998
2791
1372
300
280
4221
2003
3594
1472
324
4854
4456
2141
227
849
3728
3002
229
508
4885
1526
2970
713
4538
5123
3860
1142
1588
4638
1743
4028
3764
408
4703
241
3498
3480
3356
784
2130
5070
4987
627
528
3686
2254
12
4194
3634
3698
1385
1493
1577
1892
4873
902
2466
3778
2298
643
4432
2730
1307
2477
3771
1466
5192
2699
2136
1740
3011
437
1289
79
2821
4364
2886
3117
1188
2462
3479
3320
4836
3305
2410
4320
2841
616
959
4175
3826
4764
1205
4864
4095
4559
558
741
702
185
4006
3035
151
2279
733
1621
4203
4397
281
2078
4742
1186
2484
3064
3386
4799
486
3138
3862
4341
2576
10
1424
748
3971
1909
2447
3248
5126
3337
485
4327
3257
2455
2183
2240
719
2744
2869
2892
3413
3162
764
358
153
2258
3780
3819
4754
4034
634
5236
2971
1586
4843
1794
2660
5241
4829
3784
1436
2848
2239
4902
1946
3765
2140
1580
3535
4566
777
3637
4558
2207
3321
624
4922
998
3559
4140
1919
4099
35
1711
2453
3800
3742
2050
1359
3220
3930
2922
3781
3762
3240
2178
4920
109
844
374
1931
2465
2528
2572
3523
3342
1401
4816
4454
592
1548
4661
650
5136
2924
1599
5217
4515
3748
4151
2814
4918
3352
4577
2556
4746
4084
3603
791
285
4947
3661
3694
1063
4784
2090
5069
2900
4020
3246
3534
2573
4037
4996
1194
2745
1638
3793
801
2375
517
5081
2750
1
2702
4169
1612
1265
142
767
823
1035
3584
2811
1177
5006
1532
1106
4625
3912
1316
1815
955
3458
2253
4153
4499
4590
70
4743
4896
2935
92
3000
837
3022
5216
4198
117
913
1065
4963
3549
3496
3370
4551
2299
862
1795
4390
2025
4023
1048
1433
3896
4548
26
3440
1003
4607
317
2957
2459
3595
3049
3441
4968
4874
4227
4085
1248
593
2662
4102
693
2921
4694
3910
2726
3858
1529
2723
3871
105
5157
372
4158
4280
2033
3547
2907
2974
2649
1623
2537
2861
4495
543
3390
2502
87
4026
4224
2691
3821
3174
742
3351
1761
4672
836
927
4130
4480
3554
3876
1983
201
1051
1988
2047
4214
461
487
3280
3539
4306
3118
4640
343
1437
4700
2671
1943
4861
2088
121
759
187
1951
1237
1190
5130
2717
3389
4147
2335
72
3143
4845
96
4757
680
1274
2569
2891
2659
1652
4104
45
4500
4588
5009
2344
5204
1639
3155
570
3198
1171
2837
2170
1959
2611
2313
4369
5049
1789
1805
763
4527
4545
1168
2464
2206
775
2373
5010
4563
515
3007
968
4359
739
3515
4598
5215
2487
4208
5234
576
5055
389
2156
2641
4948
2305
1370
3582
4192
4834
3127
4601
3989
797
3191
4781
895
2274
5177
2912
2799
1486
712
2651
2023
751
2436
2541
505
4670
3869
2817
2953
1096
816
1423
1464
1296
829
1184
1593
4837
4189
4404
635
1891
3663
494
975
2074
3092
5174
1627
57
728
3600
1806
4466
1635
810
4465
1778
1053
2788
2639
244
881
977
1723
259
2499
957
4265
171
3490
632
1707
3279
1475
4975
1846
3343
2656
709
5034
4629
1061
4475
9
2489
2756
4907
4035
4097
4069
3623
4841
2393
3335
2109
5212
1851
2604
1585
480
2234
19
2539
3915
1017
2796
3779
1992
866
4651
3593
4620
3613
3872
3891
4980
1144
3451
3970
4139
1219
1741
3658
917
3275
1382
4616
467
3109
703
5117
925
5011
5202
786
276
1260
5018
2779
2091
2398
4782
1733
1518
2474
177
2110
331
1261
3897
3448
1333
1857
4704
2404
4339
1709
218
2847
2928
3358
3782
1157
432
4770
21
725
675
4575
399
4405
3288
3583
773
3521
1555
4741
3379
1932
2294
642
166
2679
80
605
2509
4421
716
3216
4305
1064
2755
4650
60
1678
5135
4496
56
369
5200
656
661
3642
1235
3653
3635
4863
4960
3806
93
1763
3920
1080
4973
1673
430
1468
2440
1937
4299
3546
2382
502
3818
3854
4555
4693
1603
4132
1533
4727
2894
278
5064
1689
1823
3123
3957
1841
2849
1314
4129
4266
4869
1111
1565
4030
919
4788
3417
2967
3631
170
3916
4255
2019
2216
1073
692
1179
293
2584
2964
1132
4331
14
1483
3217
4813
2161
890
2379
2342
226
1415
4296
2993
3250
3882
1642
894
653
1583
652
217
1945
854
1476
6
3747
2227
468
3260
1481
2004
2893
24
3666
2551
1056
1966
1933
1762
3426
752
1160
572
4283
3846
4289
989
3207
4677
391
3629
924
3654
3005
698
4600
2469
1195
4549
4762
1161
5083
2014
4832
1209
3212
2852
1910
4827
4503
973
3562
2329
4184
3290
4356
2503
1037
3706
3724
4344
407
2722
1637
3312
1099
4464
985
3225
2597
4928
303
290
3278
2983
4776
2036
5220
4145
1646
3622
1690
5014
130
4179
5024
2173
1398
4780
1494
4532
414
4451
2812
2452
555
2958
113
4933
3218
3890
2565
5045
71
1272
3319
3939
1353
237
2559
4514
2843
4379
2628
1581
3158
233
1010
2326
4079
3690
4528
516
1058
2889
4899
160
995
2378
3244
4188
2122
1987
2555
1290
1791
997
4081
101
1904
1948
2281
3487
892
3431
1808
4109
4264
3904
2323
194
3269
4223
1332
3348
2137
796
1979
2605
833
155
2712
3091
3038
4355
3577
116
4066
341
1751
5078
286
1890
4793
367
1043
1980
3181
1510
2794
1311
3066
323
4038
3214
2486
1787
1582
220
1129
2143
2903
1651
522
2428
1134
2270
67
638
3193
3711
717
1092
5037
3476
3180
4272
3536
90
3835
3147
3799
2574
4604
3662
2135
2645
4061
3139
1352
5230
4550
3526
2857
4572
2046
3406
2736
2815
3303
1246
1441
1189
1192
2757
4238
3367
3573
3365
3097
2488
1041
3247
602
1477
2467
1207
1782
5080
3710
8
3590
1342
2762
4924
2591
2230
310
1765
2533
2069
910
264
4260
3979
254
5138
747
29
3341
5218
3507
2212
2839
5193
4955
911
1876
1143
1994
1591
4821
1214
2990
945
647
4329
2956
2685
2009
4161
1025
2347
4750
811
5027
2856
356
5029
2366
4146
595
4660
62
4483
4083
3608
3568
1155
2292
645
1095
1717
3703
48
4398
1584
4734
4268
4786
3124
3626
1293
4967
1643
2259
1767
3926
2731
3327
4181
5026
3884
2396
612
2665
3815
933
4086
4610
4075
2115
608
2222
3219
191
3378
3373
4524
2747
760
2470
40
3261
790
4322
1749
3695
5180
3391
860
4242
1495
1082
3210
1900
1664
1284
1837
1158
3326
745
3503
1022
3176
4013
2926
2097
1087
856
3393
5066
1292
1720
566
4617
3570
619
3621
4447
2491
2865
1210
3977
1047
5046
1271
2626
3961
662
1589
1953
835
1103
2482
74
808
2187
1668
370
1605
2231
2511
1334
4244
787
923
4149
448
4738
3364
3688
4889
4605
1138
4971
3215
1820
3783
5090
150
4247
2805
4378
1405
3606
3456
1681
2247
1825
3405
3329
3682
3921
4580
2769
2008
535
2988
4374
571
4822
2714
4142
3080
2621
4012
465
2261
5196
1036
980
3276
1698
2175
1853
3179
607
942
168
3704
457
1039
4482
4911
1081
549
1941
3099
3788
2238
1636
1847
3900
3733
5181
3229
948
4732
1625
492
1250
2934
154
4825
1191
546
3135
2968
4573
738
4366
2608
4170
4371
3528
4337
2553
4336
4314
1970
2426
426
664
2942
5229
4101
1394
161
2870
3786
1753
2610
3589
3811
740
1661
2822
3087
4815
2022
2485
2890
1381
5154
855
2131
2532
3173
1076
5023
4823
3619
1952
3154
792
4309
3951
1386
2729
2102
2065
3810
2439
1721
898
474
843
184
4505
2180
49
4040
5144
3494
750
5116
686
2117
298
4753
2360
3814
183
1507
4276
672
1335
4271
381
4593
1999
4277
2210
4157
4539
2664
385
2220
3256
5155
1572
4994
864
3628
537
4330
3376
1569
897
2548
4427
2260
2437
5109
520
4241
410
4939
1928
904
20
4077
1388
346
3950
2954
4690
1101
2026
371
3292
1052
732
3400
5119
4763
1935
2733
4391
362
813
3543
3298
4544
2562
3861
2724
2666
3766
711
1461
1347
2855
3831
2581
2833
4046
3453
4062
3839
2672
2797
360
1275
4552
4533
296
1484
4349
202
757
2139
4472
4937
2550
1667
2200
1169
3165
4978
1324
3249
4876
4162
3849
3887
4304
1916
3859
3805
1439
1977
3093
3693
4619
4708
1854
4814
4235
5104
1501
205
4440
1419
1181
2476
2625
2568
617
4567
3493
4363
3945
3004
877
3719
1819
4462
3082
826
1208
3450
996
1429
3462
5238
863
2720
1114
3423
3602
1659
683
2269
1936
2293
182
4383
5184
1828
4022
2214
2760
3464
1013
2594
91
1180
247
2735
3993
397
2150
3504
314
3903
2842
3271
4858
4256
3156
2309
1030
266
2808
1230
984
5105
4117
776
417
4372
3734
4435
4121
2531
447
3587
4719
2454
2655
394
4628
3024
2289
1146
497
373
2068
1882
364
4877
4525
3880
1602
938
7
2629
4778
4880
1363
1978
481
3645
4316
5061
5
648
2089
4927
685
3339
3832
4983
3412
3398
2027
4182
4731
1406
4345
1641
700
4438
2016
2215
4509
3286
2012
1276
443
873
3797
329
1590
2341
3195
3700
1549
1669
5100
4460
1312
1298
523
2083
4645
758
1470
2593
2914
332
3671
402
2868
2783
3201
238
3591
4134
4313
1875
319
2834
3310
1313
333
2617
3040
822
3813
947
4382
1727
3285
2703
4152
5125
4587
3735
4728
34
3633
2688
1140
3680
4467
5235
3427
842
531
2418
3100
145
1938
118
573
4494
4846
2056
1924
809
1595
3283
937
2157
5103
4941
423
4603
66
1283
3773
318
5132
4070
2151
445
2620
2288
934
4656
3003
1523
252
1567
4298
5160
1176
2780
3484
4487
3746
3467
4883
2776
3580
3241
2602
4914
2174
326
2127
2587
577
4159
1747
2710
4665
4562
1712
1739
4414
365
2278
1803
4720
263
129
2546
2536
2429
1677
4667
3865
4321
3879
4702
1730
2959
3513
2223
858
4681
2495
4393
5225
3520
2682
3224
1995
428
4370
253
3145
3636
3845
1222
1696
1400
313
1745
744
475
23
4935
1864
52
4346
2606
1922
383
3508
1070
3856
