src_id:int64	dst_id:int64	weight:double
316	2822	1.0
316	4233	1.0
316	3778	1.0
316	4058	1.0
316	5141	1.0
316	1178	1.0
316	5148	1.0
316	3044	1.0
316	1813	1.0
316	2465	1.0
316	932	1.0
316	3494	1.0
316	1964	1.0
316	3501	1.0
316	558	1.0
316	3892	1.0
316	1974	1.0
316	4408	1.0
316	2489	1.0
316	4282	1.0
316	4639	1.0
316	445	1.0
316	5056	1.0
316	2242	1.0
316	1605	1.0
316	4167	1.0
316	1352	1.0
316	4023	1.0
316	845	1.0
316	4304	1.0
316	2901	1.0
316	598	1.0
316	2553	1.0
316	676	1.0
316	934	1.0
316	4059	1.0
316	4835	1.0
316	4324	1.0
316	2277	1.0
316	4981	1.0
316	1270	1.0
316	1400	1.0
316	4601	1.0
316	2303	1.0
4695	5061	1.0
4695	4965	1.0
2059	2955	1.0
2059	2956	1.0
2059	3097	1.0
2059	2846	1.0
2059	4771	1.0
2059	2862	1.0
2059	4015	1.0
2059	4530	1.0
2059	3636	1.0
2059	3255	1.0
2059	3764	1.0
2059	3900	1.0
2059	4157	1.0
2059	4158	1.0
2059	3007	1.0
2059	3523	1.0
2059	4946	1.0
2059	2905	1.0
2059	2146	1.0
2059	3686	1.0
2059	2539	1.0
2059	2493	1.0
2059	3960	1.0
2059	3834	1.0
2146	3841	1.0
2146	4806	1.0
2146	2689	1.0
2146	4750	1.0
2146	4474	1.0
2332	2465	1.0
2332	3494	1.0
2332	2409	1.0
2332	4206	1.0
2332	4496	1.0
2332	4163	1.0
2332	4393	1.0
2332	4184	1.0
2332	3771	1.0
2332	4517	1.0
4206	4391	1.0
4206	4884	1.0
4206	5048	1.0
4594	4991	1.0
4594	5047	1.0
5047	5066	1.0
998	2560	1.0
998	1410	1.0
998	4490	1.0
998	1042	1.0
998	1562	1.0
998	2799	1.0
998	3490	1.0
998	1324	1.0
998	4910	1.0
998	1714	1.0
998	1334	1.0
998	3527	1.0
998	3530	1.0
998	3531	1.0
998	2764	1.0
998	5207	1.0
998	2656	1.0
998	3683	1.0
998	2917	1.0
998	999	1.0
998	2668	1.0
998	1526	1.0
998	3577	1.0
998	1915	1.0
998	1277	1.0
2641	2766	1.0
2641	4468	1.0
2641	4942	1.0
2641	4599	1.0
2641	2906	1.0
2641	2811	1.0
2641	3005	1.0
2906	5060	1.0
2906	3495	1.0
2906	3499	1.0
2906	3921	1.0
2906	4626	1.0
2906	4121	1.0
2906	4599	1.0
2906	3207	1.0
123	2822	1.0
123	4233	1.0
123	3778	1.0
123	147	1.0
123	1813	1.0
123	2465	1.0
123	676	1.0
123	3494	1.0
123	3501	1.0
123	558	1.0
123	2867	1.0
123	3892	1.0
123	4153	1.0
123	1974	1.0
123	4408	1.0
123	2489	1.0
123	4282	1.0
123	445	1.0
123	5056	1.0
123	2242	1.0
123	4681	1.0
123	1605	1.0
123	4167	1.0
123	1352	1.0
123	4553	1.0
123	4023	1.0
123	845	1.0
123	846	1.0
123	598	1.0
123	2553	1.0
123	3044	1.0
123	4058	1.0
123	932	1.0
123	2527	1.0
123	4324	1.0
123	2277	1.0
123	1768	1.0
123	4981	1.0
123	1400	1.0
123	4601	1.0
1768	3435	1.0
1768	5167	1.0
1768	4697	1.0
1030	2690	1.0
1030	5051	1.0
1030	1420	1.0
1030	1836	1.0
1030	3055	1.0
1030	4178	1.0
1030	4403	1.0
1030	4533	1.0
1030	4009	1.0
1030	3928	1.0
1030	1947	1.0
1030	4995	1.0
1030	1629	1.0
1030	5059	1.0
1030	1695	1.0
823	3201	1.0
823	3203	1.0
823	3158	1.0
823	2726	1.0
823	4321	1.0
823	4426	1.0
823	4557	1.0
823	5107	1.0
823	4629	1.0
823	5142	1.0
823	4792	1.0
823	2013	1.0
4557	5142	1.0
1275	4584	1.0
1275	3276	1.0
1275	4280	1.0
1275	3227	1.0
1275	3230	1.0
1170	1569	1.0
1170	4131	1.0
1170	5029	1.0
1170	5066	1.0
1170	1964	1.0
1170	2032	1.0
1170	4140	1.0
1170	3124	1.0
1170	2709	1.0
1170	2195	1.0
1170	3859	1.0
1170	3796	1.0
1170	3450	1.0
1170	3690	1.0
2195	3201	1.0
2195	4131	1.0
2195	5029	1.0
2195	4264	1.0
2195	4140	1.0
2195	4304	1.0
2195	3796	1.0
2195	2709	1.0
2195	3859	1.0
2195	3203	1.0
2195	3450	1.0
2195	2863	1.0
4493	5142	1.0
4493	4791	1.0
4127	4610	1.0
4127	4629	1.0
4127	4814	1.0
4127	4304	1.0
4127	4321	1.0
4127	5111	1.0
4127	4987	1.0
4361	4988	1.0
4412	4596	1.0
3493	3524	1.0
3493	4753	1.0
4312	4430	1.0
3852	4313	1.0
3735	3792	1.0
3735	4542	1.0
3661	4131	1.0
3661	3857	1.0
3661	3723	1.0
3661	4465	1.0
3794	4936	1.0
3794	4937	1.0
3794	4960	1.0
3794	3963	1.0
3679	4809	1.0
3679	3825	1.0
3679	3765	1.0
4029	4963	1.0
4029	4420	1.0
4029	4983	1.0
4020	4407	1.0
4020	4958	1.0
357	4804	1.0
357	2913	1.0
357	3308	1.0
357	3534	1.0
357	697	1.0
357	5177	1.0
357	4282	1.0
3575	4138	1.0
3575	4494	1.0
3575	4176	1.0
3575	4596	1.0
3575	3994	1.0
3971	4404	1.0
3971	5006	1.0
3971	4241	1.0
3971	4088	1.0
3989	4421	1.0
3989	3994	1.0
3992	4642	1.0
3992	4416	1.0
3992	4690	1.0
3992	4830	1.0
3957	4744	1.0
3957	4745	1.0
3957	4756	1.0
3957	3994	1.0
3957	5027	1.0
3957	4138	1.0
3957	4533	1.0
3957	4884	1.0
55	4969	1.0
55	3946	1.0
55	1643	1.0
55	3346	1.0
55	1874	1.0
55	115	1.0
55	1833	1.0
55	3964	1.0
55	1834	1.0
55	1438	1.0
55	1375	1.0
628	3655	1.0
628	2729	1.0
628	1506	1.0
628	1501	1.0
628	4826	1.0
628	1021	1.0
628	3391	1.0
523	3195	1.0
523	3566	1.0
523	2671	1.0
523	1009	1.0
523	1684	1.0
523	3469	1.0
523	2651	1.0
523	2910	1.0
894	1345	1.0
894	3907	1.0
894	3867	1.0
894	3623	1.0
894	4735	1.0
894	1571	1.0
894	1907	1.0
894	1113	1.0
894	4184	1.0
894	1497	1.0
894	4570	1.0
894	2267	1.0
894	2556	1.0
894	4413	1.0
894	4542	1.0
894	4479	1.0
843	2178	1.0
843	2499	1.0
843	4324	1.0
843	3238	1.0
843	3402	1.0
843	2606	1.0
843	2901	1.0
843	1974	1.0
843	3258	1.0
933	3939	1.0
933	4583	1.0
933	3608	1.0
933	1415	1.0
933	2824	1.0
933	1673	1.0
933	3596	1.0
933	3792	1.0
933	3512	1.0
933	4542	1.0
934	2822	1.0
934	3778	1.0
934	4233	1.0
934	5148	1.0
934	2465	1.0
934	3494	1.0
934	3501	1.0
934	2867	1.0
934	3892	1.0
934	1974	1.0
934	4553	1.0
934	4408	1.0
934	2489	1.0
934	4282	1.0
934	5056	1.0
934	2242	1.0
934	4601	1.0
934	1605	1.0
934	4167	1.0
934	1352	1.0
934	4681	1.0
934	4023	1.0
934	2901	1.0
934	4153	1.0
934	3044	1.0
934	4058	1.0
934	4324	1.0
934	2277	1.0
934	4981	1.0
934	1270	1.0
934	1400	1.0
934	2553	1.0
937	2603	1.0
937	1979	1.0
937	1207	1.0
937	4046	1.0
937	1501	1.0
937	2582	1.0
937	2711	1.0
937	4987	1.0
937	2602	1.0
937	2910	1.0
945	4807	1.0
945	4297	1.0
945	4492	1.0
945	2582	1.0
945	4474	1.0
945	1563	1.0
752	5006	1.0
752	2575	1.0
752	4241	1.0
752	1309	1.0
752	3115	1.0
752	2479	1.0
752	4404	1.0
752	1464	1.0
752	2868	1.0
752	1351	1.0
752	3791	1.0
752	1882	1.0
752	2399	1.0
752	2928	1.0
752	2936	1.0
752	4088	1.0
707	1227	1.0
707	1460	1.0
707	3663	1.0
827	5221	1.0
827	2066	1.0
827	2455	1.0
827	2714	1.0
827	3549	1.0
827	2975	1.0
467	5216	1.0
467	3813	1.0
467	589	1.0
467	2967	1.0
467	2045	1.0
4785	4954	1.0
4776	4912	1.0
4746	4768	1.0
4746	4962	1.0
4551	4975	1.0
4540	4845	1.0
4540	4692	1.0
4540	4767	1.0
4574	5070	1.0
4574	4848	1.0
4574	5083	1.0
4644	4816	1.0
4644	5110	1.0
4644	4727	1.0
4644	5214	1.0
4645	4651	1.0
4645	4662	1.0
4650	4816	1.0
4650	5110	1.0
4650	4727	1.0
501	1234	1.0
501	1668	1.0
501	794	1.0
5100	5210	1.0
5100	5201	1.0
4829	4975	1.0
4839	5007	1.0
4839	5174	1.0
4843	4958	1.0
4935	5207	1.0
1813	2822	1.0
1813	3778	1.0
1813	5148	1.0
1813	2465	1.0
1813	3494	1.0
1813	3501	1.0
1813	2867	1.0
1813	1974	1.0
1813	4233	1.0
1813	4408	1.0
1813	2489	1.0
1813	4282	1.0
1813	5056	1.0
1813	2242	1.0
1813	4681	1.0
1813	4167	1.0
1813	4553	1.0
1813	4023	1.0
1813	2901	1.0
1813	4153	1.0
1813	3044	1.0
1813	4058	1.0
1813	4324	1.0
1813	2277	1.0
1813	4981	1.0
1813	4601	1.0
190	4489	1.0
190	4652	1.0
190	2707	1.0
190	5076	1.0
190	4696	1.0
1848	3732	1.0
1848	4927	1.0
1873	4954	1.0
1873	4117	1.0
1873	2519	1.0
1890	2023	1.0
1890	2606	1.0
1890	4988	1.0
169	2867	1.0
169	4509	1.0
169	715	1.0
1724	4233	1.0
1724	4979	1.0
1724	2867	1.0
1724	3406	1.0
1724	3772	1.0
1724	4981	1.0
1727	4529	1.0
1727	4039	1.0
1727	3215	1.0
1727	3251	1.0
2115	4934	1.0
2115	2714	1.0
2115	2971	1.0
2115	4383	1.0
2090	3907	1.0
2090	3867	1.0
2090	4735	1.0
2090	4184	1.0
2090	4570	1.0
2090	2267	1.0
2090	2556	1.0
2090	4413	1.0
2090	4542	1.0
2090	4479	1.0
2109	4812	1.0
2109	4998	1.0
2109	4527	1.0
2214	2563	1.0
2214	4748	1.0
2214	2833	1.0
2193	4999	1.0
2227	3018	1.0
2227	2901	1.0
2227	4725	1.0
2182	4195	1.0
2182	5068	1.0
2182	4690	1.0
2182	4538	1.0
1986	2455	1.0
1986	3494	1.0
1986	4233	1.0
1986	2867	1.0
1997	3201	1.0
1997	3203	1.0
1997	4880	1.0
1997	4629	1.0
1997	4383	1.0
1951	2955	1.0
1951	2956	1.0
1951	2059	1.0
1951	3097	1.0
1951	2846	1.0
1951	4771	1.0
1951	4269	1.0
1951	2862	1.0
1951	4015	1.0
1951	3636	1.0
1951	3255	1.0
1951	3764	1.0
1951	3900	1.0
1951	4157	1.0
1951	4158	1.0
1951	3007	1.0
1951	3523	1.0
1951	4946	1.0
1951	2905	1.0
1951	3686	1.0
1951	2539	1.0
1951	2493	1.0
1951	3960	1.0
1951	3834	1.0
1951	1983	1.0
1959	3946	1.0
1959	4969	1.0
1959	3346	1.0
1959	3309	1.0
1959	3964	1.0
204	3724	1.0
204	3758	1.0
204	4337	1.0
204	1996	1.0
204	4571	1.0
204	3966	1.0
2067	3751	1.0
2067	4113	1.0
2067	3186	1.0
2067	5179	1.0
2027	2726	1.0
2027	3117	1.0
2027	2318	1.0
2027	3216	1.0
2027	4629	1.0
2027	2329	1.0
1202	3173	1.0
1202	3753	1.0
1202	5005	1.0
1202	5074	1.0
1202	1368	1.0
117	1988	1.0
117	2085	1.0
117	4999	1.0
117	2652	1.0
1169	5005	1.0
130	5027	1.0
130	974	1.0
130	4756	1.0
130	4884	1.0
130	1109	1.0
130	686	1.0
1239	4824	1.0
1239	2200	1.0
1239	5123	1.0
1239	3453	1.0
1247	1634	1.0
1247	4835	1.0
1247	4517	1.0
1247	4838	1.0
1247	4304	1.0
1247	5149	1.0
1253	1353	1.0
1253	4407	1.0
1253	2415	1.0
1253	4958	1.0
1260	3105	1.0
1260	3698	1.0
1260	4532	1.0
1260	3032	1.0
1260	2811	1.0
1260	3005	1.0
1260	2143	1.0
1267	1746	1.0
1267	4163	1.0
1267	2354	1.0
1052	4904	1.0
1052	3759	1.0
1052	3594	1.0
1052	1054	1.0
1053	4436	1.0
1053	4508	1.0
1008	3754	1.0
1008	4205	1.0
1008	5209	1.0
1031	4073	1.0
1031	2058	1.0
1031	3057	1.0
1031	4252	1.0
1031	3838	1.0
1511	2179	1.0
1511	3813	1.0
1511	2045	1.0
1534	3593	1.0
1534	4876	1.0
1534	2807	1.0
1534	2714	1.0
1483	1513	1.0
1593	3602	1.0
1593	3476	1.0
1593	3498	1.0
1603	2181	1.0
1603	4661	1.0
1603	2813	1.0
1572	3698	1.0
1572	4532	1.0
1572	3032	1.0
1572	2811	1.0
1572	2143	1.0
158	4488	1.0
158	2787	1.0
158	3237	1.0
158	966	1.0
158	680	1.0
158	3273	1.0
158	2796	1.0
158	2031	1.0
158	1969	1.0
158	3166	1.0
158	4022	1.0
158	2903	1.0
158	4409	1.0
158	4510	1.0
1348	2985	1.0
1348	2228	1.0
1348	4842	1.0
1348	4894	1.0
1348	2815	1.0
3044	4233	1.0
3044	3778	1.0
3044	5148	1.0
3044	3501	1.0
3044	3892	1.0
3044	4282	1.0
3044	5056	1.0
3044	4681	1.0
3044	4167	1.0
3044	4553	1.0
3044	4153	1.0
3044	4058	1.0
3044	4324	1.0
3044	3494	1.0
3044	4981	1.0
3017	4517	1.0
3017	4712	1.0
3017	4233	1.0
3017	3892	1.0
3017	3785	1.0
3127	4954	1.0
3134	3553	1.0
3123	4442	1.0
3084	3138	1.0
3084	4038	1.0
2862	2955	1.0
2862	2956	1.0
2862	3523	1.0
2862	3097	1.0
2862	4771	1.0
2862	4269	1.0
2862	4015	1.0
2862	3636	1.0
2862	3255	1.0
2862	3764	1.0
2862	3900	1.0
2862	4157	1.0
2862	4158	1.0
2862	3007	1.0
2862	4946	1.0
2862	2905	1.0
2862	3686	1.0
2862	3960	1.0
2862	3834	1.0
2859	3878	1.0
2859	4154	1.0
2859	4032	1.0
2859	2888	1.0
2859	3148	1.0
2859	3789	1.0
2859	4686	1.0
2859	3257	1.0
2859	2924	1.0
2859	3827	1.0
2925	3006	1.0
3358	3665	1.0
3358	4689	1.0
3353	4455	1.0
3374	4637	1.0
3379	4311	1.0
3379	3413	1.0
3321	4436	1.0
332	5170	1.0
332	3762	1.0
332	461	1.0
3337	4207	1.0
3337	5241	1.0
3447	5060	1.0
3393	4422	1.0
3393	3828	1.0
3393	4988	1.0
3393	4734	1.0
3211	3786	1.0
3211	4652	1.0
3211	3506	1.0
3211	4474	1.0
3198	4457	1.0
3198	5143	1.0
3198	4313	1.0
329	5027	1.0
329	2405	1.0
329	5067	1.0
329	3746	1.0
329	941	1.0
329	2586	1.0
329	1167	1.0
3243	4614	1.0
3243	4233	1.0
3248	5092	1.0
3248	5206	1.0
3248	4799	1.0
3268	3746	1.0
3268	3306	1.0
3268	3771	1.0
2444	2726	1.0
2444	4457	1.0
2444	3116	1.0
2441	3724	1.0
2441	3758	1.0
2418	4643	1.0
2418	4616	1.0
2418	3116	1.0
242	4553	1.0
242	4205	1.0
242	1043	1.0
242	4233	1.0
242	4313	1.0
242	4991	1.0
2428	4887	1.0
251	4869	1.0
251	3725	1.0
251	722	1.0
251	2040	1.0
251	5050	1.0
2503	3990	1.0
2501	2724	1.0
2501	3275	1.0
2501	2673	1.0
2501	4887	1.0
2501	2655	1.0
2501	4095	1.0
2283	2435	1.0
2283	4451	1.0
2295	2666	1.0
2295	4011	1.0
2295	4077	1.0
2295	3981	1.0
2295	3319	1.0
2299	3882	1.0
2299	3813	1.0
2300	4517	1.0
2300	4685	1.0
2300	4984	1.0
2254	2726	1.0
2254	4430	1.0
2254	2258	1.0
2254	2941	1.0
2254	4063	1.0
2261	4322	1.0
2261	3913	1.0
2261	2955	1.0
2261	5081	1.0
2389	5045	1.0
2389	2502	1.0
276	3503	1.0
276	2032	1.0
276	1908	1.0
276	4068	1.0
276	570	1.0
276	1435	1.0
2762	2884	1.0
2716	3854	1.0
2716	4113	1.0
2716	3471	1.0
2716	3231	1.0
2718	4425	1.0
2718	3148	1.0
2718	3349	1.0
2718	3768	1.0
2718	5116	1.0
2718	3006	1.0
2820	4324	1.0
2820	3238	1.0
2820	2901	1.0
2820	2878	1.0
2810	3906	1.0
281	4455	1.0
281	3018	1.0
281	972	1.0
281	1401	1.0
281	5049	1.0
281	3933	1.0
281	4798	1.0
2772	2967	1.0
2772	2811	1.0
2772	3006	1.0
2795	2990	1.0
2795	3507	1.0
2795	4630	1.0
2795	3479	1.0
2543	3184	1.0
2565	4233	1.0
2565	4282	1.0
2565	5056	1.0
2565	4553	1.0
2565	2901	1.0
2565	4324	1.0
2565	3494	1.0
2611	4769	1.0
2611	4363	1.0
2611	2741	1.0
2611	2742	1.0
2620	4218	1.0
2620	4933	1.0
