id:int64	feature:string
316	316
2303	2303
4695	4695
4965	4965
2059	2059
2146	2146
2332	2332
4206	4206
4594	4594
5047	5047
998	998
999	999
2641	2641
2906	2906
123	123
1768	1768
1030	1030
2690	2690
823	823
4557	4557
1275	1275
4584	4584
1170	1170
2195	2195
4493	4493
4127	4127
4361	4361
4412	4412
3493	3493
4439	4439
4312	4312
4456	4456
3816	3816
3852	3852
3735	3735
3788	3788
3661	3661
3794	3794
3679	3679
4029	4029
4020	4020
357	357
3575	3575
3892	3892
3971	3971
3989	3989
3992	3992
394	394
4114	4114
3957	3957
59	59
55	55
527	527
628	628
523	523
5183	5183
5196	5196
894	894
933	933
937	937
945	945
751	751
752	752
707	707
827	827
4711	4711
4700	4700
467	467
4785	4785
4776	4776
4810	4810
4746	4746
4759	4759
4551	4551
4540	4540
4574	4574
4614	4614
4644	4644
4645	4645
4650	4650
501	501
4990	4990
5099	5099
5100	5100
4820	4820
4829	4829
4839	4839
4843	4843
4940	4940
4913	4913
1813	1813
190	190
1848	1848
1873	1873
1890	1890
169	169
1727	1727
2115	2115
2090	2090
2109	2109
2214	2214
2193	2193
2227	2227
2178	2178
2182	2182
1986	1986
1997	1997
1959	1959
204	204
2067	2067
2027	2027
1202	1202
117	117
1169	1169
1298	1298
130	130
1239	1239
1253	1253
1260	1260
1267	1267
1052	1052
1053	1053
1008	1008
1031	1031
1511	1511
1534	1534
1483	1483
1593	1593
1603	1603
1572	1572
158	158
1348	1348
1334	1334
3127	3127
3134	3134
3123	3123
3145	3145
3084	3084
2905	2905
2859	2859
2925	2925
2956	2956
3358	3358
3353	3353
3374	3374
3379	3379
3321	3321
332	332
3337	3337
3447	3447
3393	3393
3211	3211
3198	3198
329	329
3248	3248
3268	3268
2444	2444
2441	2441
2418	2418
242	242
2428	2428
251	251
2503	2503
2501	2501
2499	2499
2283	2283
2295	2295
2299	2299
2300	2300
2254	2254
2242	2242
2261	2261
2389	2389
2747	2747
276	276
2762	2762
2716	2716
2718	2718
2820	2820
2822	2822
2810	2810
281	281
2772	2772
2795	2795
2799	2799
2543	2543
2565	2565
2611	2611
2620	2620
2626	2626
