id:int64
316
4695
2332
4594
998
2641
1030
823
1275
1170
4361
3493
4312
4456
3816
3852
3735
3788
3661
4020
357
3971
3989
394
3957
55
628
523
5196
894
933
937
945
751
752
707
827
4711
4700
467
4776
4810
4746
4759
4551
4574
4645
4650
5099
5100
4820
4829
4843
1873
1890
1727
2115
2090
2109
2214
2227
2178
1986
1997
1959
2027
117
1169
1298
130
1260
1052
1053
1483
1593
1603
1572
1334
3127
3123
3145
3084
2956
3358
3379
3321
332
3337
3393
3198
329
3248
3268
2418
2428
251
2503
2501
2499
2299
2300
2254
2261
2389
2747
276
2762
2716
2822
281
2799
2565
2611
2620
2626
