src_id:int64	dst_id:int64	weight:double
3494	4233	1.0
3494	5148	1.0
3494	4517	1.0
3494	3890	1.0
3494	3892	1.0
3494	4408	1.0
3494	4282	1.0
3494	5056	1.0
3494	4681	1.0
3494	4167	1.0
3494	4553	1.0
3494	4614	1.0
3494	3778	1.0
3494	4023	1.0
3494	4601	1.0
3494	4153	1.0
3494	4058	1.0
3494	4342	1.0
3494	4475	1.0
3494	4324	1.0
3494	4452	1.0
3494	4981	1.0
3494	5046	1.0
3636	4771	1.0
3636	4269	1.0
3636	4015	1.0
3636	3764	1.0
3636	4157	1.0
3636	4158	1.0
3636	4946	1.0
3636	3686	1.0
3636	3960	1.0
3636	3834	1.0
3577	4490	1.0
3577	4935	1.0
3577	4910	1.0
3577	4913	1.0
3577	5207	1.0
3577	3683	1.0
4530	4771	1.0
4530	4946	1.0
46	3939	1.0
46	933	1.0
46	3608	1.0
46	1415	1.0
46	2824	1.0
46	1673	1.0
46	363	1.0
46	3596	1.0
46	4583	1.0
46	3792	1.0
46	785	1.0
46	214	1.0
46	87	1.0
46	3512	1.0
46	4542	1.0
5029	5066	1.0
1893	2059	1.0
1893	3097	1.0
1893	2846	1.0
1893	1951	1.0
1893	4269	1.0
1893	2862	1.0
1893	4015	1.0
1893	3764	1.0
1893	3255	1.0
1893	2493	1.0
1893	4158	1.0
1893	1983	1.0
1893	3523	1.0
1893	2905	1.0
1893	3960	1.0
1893	3834	1.0
1882	3971	1.0
1882	4404	1.0
1882	3115	1.0
1882	4088	1.0
1882	5006	1.0
1882	2575	1.0
1882	4241	1.0
1882	2479	1.0
1882	2868	1.0
1882	2936	1.0
1882	2399	1.0
1947	4995	1.0
1947	3989	1.0
1947	3994	1.0
1947	4138	1.0
1947	5051	1.0
1947	4421	1.0
1947	3928	1.0
1947	2272	1.0
1947	3957	1.0
1947	3575	1.0
1947	3196	1.0
1947	3069	1.0
200	1283	1.0
200	1029	1.0
200	4674	1.0
200	3075	1.0
200	3477	1.0
200	3480	1.0
200	1308	1.0
200	2076	1.0
200	303	1.0
200	2803	1.0
200	954	1.0
200	3061	1.0
200	706	1.0
200	4936	1.0
200	4937	1.0
200	3021	1.0
200	3794	1.0
200	3675	1.0
200	4960	1.0
200	2916	1.0
200	2409	1.0
200	499	1.0
200	1013	1.0
200	3063	1.0
200	3963	1.0
1060	2059	1.0
1060	2956	1.0
1060	1298	1.0
1060	1555	1.0
1060	3097	1.0
1060	1951	1.0
1060	4771	1.0
1060	2955	1.0
1060	2862	1.0
1060	4015	1.0
1060	1331	1.0
1060	3636	1.0
1060	3255	1.0
1060	3900	1.0
1060	2493	1.0
1060	4158	1.0
1060	3007	1.0
1060	1475	1.0
1060	3523	1.0
1060	4946	1.0
1060	2539	1.0
1060	4157	1.0
1060	1782	1.0
1060	3960	1.0
1060	1983	1.0
10	2822	1.0
10	4233	1.0
10	3778	1.0
10	147	1.0
10	1813	1.0
10	5148	1.0
10	2465	1.0
10	676	1.0
10	3501	1.0
10	558	1.0
10	2867	1.0
10	3892	1.0
10	1974	1.0
10	4153	1.0
10	4282	1.0
10	316	1.0
10	445	1.0
10	5056	1.0
10	2242	1.0
10	1605	1.0
10	4167	1.0
10	1352	1.0
10	4681	1.0
10	845	1.0
10	2901	1.0
10	598	1.0
10	2489	1.0
10	3044	1.0
10	4058	1.0
10	4324	1.0
10	2277	1.0
10	4981	1.0
10	1400	1.0
10	2553	1.0
1113	1345	1.0
1113	3907	1.0
1113	3867	1.0
1113	2090	1.0
1113	4735	1.0
1113	1571	1.0
1113	1907	1.0
1113	4184	1.0
1113	4570	1.0
1113	2267	1.0
1113	2556	1.0
1113	4413	1.0
1113	4542	1.0
1113	4479	1.0
1464	4088	1.0
1464	3971	1.0
1464	4404	1.0
1464	3115	1.0
1464	4241	1.0
1464	5006	1.0
1464	2575	1.0
1464	2479	1.0
1464	2936	1.0
1464	2868	1.0
1464	3791	1.0
1497	3867	1.0
1497	2090	1.0
1497	3623	1.0
1497	4735	1.0
1497	1571	1.0
1497	1907	1.0
1497	4184	1.0
1497	4570	1.0
1497	2267	1.0
1497	2556	1.0
1497	4413	1.0
1497	4542	1.0
1497	4479	1.0
1605	2565	1.0
1605	2822	1.0
1605	4233	1.0
1605	3778	1.0
1605	1813	1.0
1605	5148	1.0
1605	2465	1.0
1605	3501	1.0
1605	2736	1.0
1605	2867	1.0
1605	3892	1.0
1605	1974	1.0
1605	4408	1.0
1605	2489	1.0
1605	4282	1.0
1605	5056	1.0
1605	2242	1.0
1605	4681	1.0
1605	4167	1.0
1605	4553	1.0
1605	4023	1.0
1605	2901	1.0
1605	4153	1.0
1605	4058	1.0
1605	4188	1.0
1605	3238	1.0
1605	3044	1.0
1605	2277	1.0
1605	2022	1.0
1605	3494	1.0
1605	5225	1.0
1605	4981	1.0
1605	4601	1.0
1562	4490	1.0
1562	2799	1.0
1562	3490	1.0
1562	4910	1.0
1562	4913	1.0
1562	1714	1.0
1562	3507	1.0
1562	3527	1.0
1562	3530	1.0
1562	3531	1.0
1562	2764	1.0
1562	5207	1.0
1562	2656	1.0
1562	1634	1.0
1562	3683	1.0
1562	2917	1.0
1562	2668	1.0
1562	3577	1.0
1562	1915	1.0
231	1290	1.0
231	491	1.0
231	5196	1.0
231	3437	1.0
231	4943	1.0
231	4435	1.0
231	1396	1.0
231	4885	1.0
231	762	1.0
231	4762	1.0
231	2997	1.0
2242	4233	1.0
2242	5148	1.0
2242	2465	1.0
2242	3501	1.0
2242	3620	1.0
2242	2867	1.0
2242	3892	1.0
2242	4408	1.0
2242	2489	1.0
2242	4282	1.0
2242	5056	1.0
2242	3778	1.0
2242	4167	1.0
2242	4553	1.0
2242	5066	1.0
2242	4023	1.0
2242	2901	1.0
2242	3044	1.0
2242	4058	1.0
2242	4324	1.0
2242	2277	1.0
2242	3494	1.0
2242	4981	1.0
2242	4601	1.0
2709	4131	1.0
2709	5029	1.0
2709	4140	1.0
2709	5066	1.0
2709	3859	1.0
2709	3450	1.0
2709	2863	1.0
2824	3939	1.0
2824	3608	1.0
2824	4583	1.0
2824	3596	1.0
2824	3792	1.0
2824	3512	1.0
2824	4542	1.0
2796	4488	1.0
2796	3237	1.0
2796	3273	1.0
2796	3166	1.0
2796	4022	1.0
2796	2903	1.0
2796	4409	1.0
2796	4510	1.0
2575	3791	1.0
2575	4404	1.0
2575	3115	1.0
2575	5006	1.0
2575	4088	1.0
2575	2868	1.0
2575	2936	1.0
2553	2565	1.0
2553	2822	1.0
2553	3992	1.0
2553	5148	1.0
2553	3044	1.0
2553	4188	1.0
2553	3501	1.0
2553	2867	1.0
2553	3892	1.0
2553	4233	1.0
2553	4408	1.0
2553	4282	1.0
2553	3771	1.0
2553	5056	1.0
2553	3778	1.0
2553	4681	1.0
2553	4167	1.0
2553	4553	1.0
2553	2901	1.0
2553	4153	1.0
2553	4058	1.0
2553	4700	1.0
2553	4324	1.0
2553	3494	1.0
2553	4981	1.0
254	2560	1.0
254	1410	1.0
254	4490	1.0
254	1042	1.0
254	662	1.0
254	2799	1.0
254	543	1.0
254	545	1.0
254	3490	1.0
254	4935	1.0
254	1324	1.0
254	4910	1.0
254	4913	1.0
254	1714	1.0
254	1334	1.0
254	3527	1.0
254	3530	1.0
254	3531	1.0
254	2764	1.0
254	2917	1.0
254	998	1.0
254	2668	1.0
254	751	1.0
254	755	1.0
254	757	1.0
254	1526	1.0
254	3577	1.0
254	1915	1.0
254	1277	1.0
2656	4490	1.0
2656	2799	1.0
2656	3490	1.0
2656	4935	1.0
2656	4910	1.0
2656	4913	1.0
2656	3527	1.0
2656	3530	1.0
2656	3531	1.0
2656	5207	1.0
2656	3683	1.0
2656	2917	1.0
2656	2668	1.0
2656	3577	1.0
