src_id:int64	dst_id:int64	weight:double
4158	4771	1.0
4158	4269	1.0
4158	4530	1.0
4158	4946	1.0
4167	4233	1.0
4167	5148	1.0
4167	4408	1.0
4167	4282	1.0
4167	5056	1.0
4167	4601	1.0
4167	4553	1.0
4167	4324	1.0
4167	4981	1.0
445	2822	1.0
445	4233	1.0
445	3778	1.0
445	1813	1.0
445	5148	1.0
445	2465	1.0
445	676	1.0
445	934	1.0
445	3501	1.0
445	558	1.0
445	2736	1.0
445	2867	1.0
445	3892	1.0
445	1974	1.0
445	2489	1.0
445	4282	1.0
445	5056	1.0
445	2242	1.0
445	4681	1.0
445	1605	1.0
445	1352	1.0
445	4553	1.0
445	4023	1.0
445	845	1.0
445	4601	1.0
445	2901	1.0
445	4153	1.0
445	3044	1.0
445	4058	1.0
445	932	1.0
445	4324	1.0
445	2277	1.0
445	2022	1.0
445	3494	1.0
445	1270	1.0
445	1400	1.0
445	2553	1.0
3683	4490	1.0
3683	4935	1.0
3683	4910	1.0
3683	5207	1.0
548	4140	1.0
548	3338	1.0
548	1170	1.0
548	3859	1.0
548	2452	1.0
548	2709	1.0
548	1569	1.0
548	4131	1.0
548	5029	1.0
548	1964	1.0
548	686	1.0
548	2863	1.0
548	777	1.0
548	4412	1.0
548	2465	1.0
548	1609	1.0
548	5066	1.0
548	974	1.0
548	975	1.0
548	4387	1.0
548	3796	1.0
548	1369	1.0
548	2408	1.0
548	1001	1.0
548	3690	1.0
548	4206	1.0
548	2032	1.0
548	2195	1.0
548	3450	1.0
977	2955	1.0
977	2956	1.0
977	2059	1.0
977	1298	1.0
977	1555	1.0
977	3097	1.0
977	2846	1.0
977	1951	1.0
977	4771	1.0
977	4269	1.0
977	2862	1.0
977	4015	1.0
977	4530	1.0
977	1331	1.0
977	3636	1.0
977	3255	1.0
977	3764	1.0
977	3900	1.0
977	4157	1.0
977	4158	1.0
977	3007	1.0
977	1475	1.0
977	3523	1.0
977	4946	1.0
977	1502	1.0
977	1893	1.0
977	3686	1.0
977	2539	1.0
977	2493	1.0
977	1782	1.0
977	3960	1.0
977	3834	1.0
977	1983	1.0
724	1351	1.0
724	4404	1.0
724	746	1.0
724	3115	1.0
724	1882	1.0
724	4088	1.0
724	5006	1.0
724	2575	1.0
724	752	1.0
724	4241	1.0
724	2868	1.0
724	2479	1.0
724	1464	1.0
724	2936	1.0
724	1309	1.0
724	3791	1.0
4681	5148	1.0
4681	4998	1.0
4681	5056	1.0
4681	4981	1.0
474	521	1.0
474	2059	1.0
474	2956	1.0
474	1298	1.0
474	1555	1.0
474	3097	1.0
474	2846	1.0
474	1951	1.0
474	1060	1.0
474	4269	1.0
474	2862	1.0
474	4015	1.0
474	4530	1.0
474	1331	1.0
474	3636	1.0
474	3255	1.0
474	3764	1.0
474	3900	1.0
474	4157	1.0
474	3007	1.0
474	1475	1.0
474	3523	1.0
474	977	1.0
474	4946	1.0
474	2905	1.0
474	1502	1.0
474	1893	1.0
474	3686	1.0
474	494	1.0
474	2493	1.0
474	1782	1.0
474	3960	1.0
474	3834	1.0
474	1983	1.0
474	895	1.0
4570	4735	1.0
4936	4960	1.0
4913	4935	1.0
4913	5207	1.0
1739	4421	1.0
1739	1800	1.0
1739	3989	1.0
1739	3994	1.0
1739	1947	1.0
1739	3196	1.0
1283	4674	1.0
1283	3477	1.0
1283	3480	1.0
1283	1308	1.0
1283	1438	1.0
1283	2803	1.0
1283	1441	1.0
1283	4937	1.0
1283	3021	1.0
1283	3794	1.0
1283	2647	1.0
1283	3675	1.0
1283	4960	1.0
1283	2916	1.0
1283	3432	1.0
1283	3061	1.0
1283	3063	1.0
1283	3963	1.0
1334	2560	1.0
1334	1410	1.0
1334	4490	1.0
1334	1562	1.0
1334	2799	1.0
1334	3490	1.0
1334	4935	1.0
1334	4910	1.0
1334	1714	1.0
1334	3527	1.0
1334	3530	1.0
1334	3531	1.0
1334	2764	1.0
1334	5207	1.0
1334	2656	1.0
1334	2917	1.0
1334	2668	1.0
1334	1526	1.0
1334	3577	1.0
1334	1915	1.0
2913	4804	1.0
2913	3308	1.0
2913	3534	1.0
2913	5177	1.0
2913	4282	1.0
3437	4609	1.0
3437	3755	1.0
3437	5196	1.0
3437	4943	1.0
3437	4435	1.0
3437	4885	1.0
2787	3237	1.0
2787	3273	1.0
2787	3166	1.0
2787	4488	1.0
2787	4022	1.0
2787	2903	1.0
2787	4409	1.0
2787	2796	1.0
2787	4510	1.0
2578	4580	1.0
2578	3690	1.0
2578	4695	1.0
2578	2809	1.0
