src_id:int64	dst_id:int64	weight:double
494	521	1.0
494	2059	1.0
494	1298	1.0
494	3523	1.0
494	3097	1.0
494	4508	1.0
494	1053	1.0
494	2846	1.0
494	2955	1.0
494	4269	1.0
494	2862	1.0
494	1331	1.0
494	3636	1.0
494	3255	1.0
494	3764	1.0
494	2493	1.0
494	1983	1.0
494	1475	1.0
494	977	1.0
494	2905	1.0
494	1893	1.0
494	3686	1.0
494	4460	1.0
494	1555	1.0
494	3960	1.0
494	3834	1.0
521	2955	1.0
521	2956	1.0
521	1298	1.0
521	1555	1.0
521	3097	1.0
521	2846	1.0
521	1951	1.0
521	1060	1.0
521	4269	1.0
521	2862	1.0
521	4015	1.0
521	1331	1.0
521	3636	1.0
521	3255	1.0
521	3764	1.0
521	3900	1.0
521	4157	1.0
521	4158	1.0
521	3007	1.0
521	1475	1.0
521	3523	1.0
521	977	1.0
521	4946	1.0
521	1502	1.0
521	1893	1.0
521	3686	1.0
521	2539	1.0
521	2493	1.0
521	1782	1.0
521	3960	1.0
521	3834	1.0
521	895	1.0
4233	4991	1.0
4233	4752	1.0
4233	4509	1.0
4233	4614	1.0
4233	5148	1.0
4233	4553	1.0
4233	4408	1.0
4233	4282	1.0
4233	5056	1.0
4233	4681	1.0
4233	4694	1.0
4233	4517	1.0
4233	4324	1.0
4233	4712	1.0
4233	4981	1.0
4233	4601	1.0
4490	4935	1.0
4490	4910	1.0
4490	4913	1.0
4490	5207	1.0
3859	4131	1.0
3859	5029	1.0
3859	4140	1.0
3859	5066	1.0
3690	4127	1.0
3690	5047	1.0
3690	4940	1.0
3690	4695	1.0
3690	4580	1.0
656	1313	1.0
656	4421	1.0
656	1670	1.0
656	1800	1.0
656	4138	1.0
656	1739	1.0
656	4494	1.0
656	968	1.0
656	3989	1.0
656	3575	1.0
656	984	1.0
656	3994	1.0
656	1947	1.0
656	3196	1.0
9	3778	1.0
9	1813	1.0
9	2465	1.0
9	3746	1.0
9	676	1.0
9	934	1.0
9	3501	1.0
9	2867	1.0
9	3892	1.0
9	4153	1.0
9	1974	1.0
9	4681	1.0
9	2489	1.0
9	4282	1.0
9	3771	1.0
9	316	1.0
9	445	1.0
9	5056	1.0
9	2242	1.0
9	1605	1.0
9	4167	1.0
9	1352	1.0
9	4553	1.0
9	845	1.0
9	846	1.0
9	2901	1.0
9	598	1.0
9	4601	1.0
9	3044	1.0
9	4058	1.0
9	932	1.0
9	4324	1.0
9	2277	1.0
9	3494	1.0
9	237	1.0
9	4981	1.0
9	1270	1.0
9	1400	1.0
9	2553	1.0
9	123	1.0
954	1283	1.0
954	4937	1.0
954	3021	1.0
954	3675	1.0
954	3794	1.0
954	2803	1.0
954	3477	1.0
954	3063	1.0
954	3963	1.0
954	1308	1.0
954	3061	1.0
746	3971	1.0
746	1351	1.0
746	4404	1.0
746	3115	1.0
746	5006	1.0
746	752	1.0
746	2868	1.0
746	1464	1.0
746	2936	1.0
746	1882	1.0
746	3791	1.0
746	1309	1.0
697	4804	1.0
697	2913	1.0
697	3308	1.0
697	3534	1.0
697	5177	1.0
697	4282	1.0
720	775	1.0
720	3466	1.0
720	1113	1.0
720	3867	1.0
720	1571	1.0
720	3623	1.0
720	2090	1.0
720	1335	1.0
720	4413	1.0
720	4542	1.0
720	1345	1.0
720	3907	1.0
720	3405	1.0
720	1213	1.0
720	4184	1.0
720	1497	1.0
720	4570	1.0
720	2267	1.0
720	4192	1.0
720	3435	1.0
720	4975	1.0
720	1907	1.0
720	4735	1.0
720	2556	1.0
720	894	1.0
720	4479	1.0
785	4583	1.0
785	2774	1.0
785	1415	1.0
785	2824	1.0
785	1673	1.0
785	3735	1.0
785	3596	1.0
785	3792	1.0
785	3608	1.0
785	3512	1.0
785	4542	1.0
785	933	1.0
4771	4946	1.0
454	4131	1.0
454	548	1.0
454	5029	1.0
454	4140	1.0
454	5066	1.0
454	1964	1.0
454	974	1.0
454	975	1.0
454	1170	1.0
454	3796	1.0
454	2709	1.0
454	2195	1.0
454	3450	1.0
454	2863	1.0
4533	4995	1.0
4533	5051	1.0
4533	5059	1.0
4629	4695	1.0
4629	4880	1.0
4629	4644	1.0
4629	4920	1.0
4629	5109	1.0
4629	5111	1.0
4816	5110	1.0
1205	3778	1.0
1205	1890	1.0
1205	1934	1.0
1205	1565	1.0
1227	2714	1.0
1227	4526	1.0
1227	4934	1.0
1227	4820	1.0
1227	4184	1.0
1227	2778	1.0
1227	4452	1.0
1227	3174	1.0
1227	3177	1.0
1227	1514	1.0
1227	2807	1.0
1290	3755	1.0
1290	5196	1.0
1290	3437	1.0
1290	4943	1.0
1290	4435	1.0
1290	1396	1.0
1290	4885	1.0
1290	4762	1.0
1290	2997	1.0
1230	4645	1.0
1230	3914	1.0
1230	2603	1.0
1230	2573	1.0
1230	4973	1.0
1230	4820	1.0
1230	4184	1.0
1230	2714	1.0
1501	4068	1.0
1501	1575	1.0
1501	2729	1.0
1501	2954	1.0
1501	3915	1.0
1501	3151	1.0
1501	2738	1.0
1501	3637	1.0
1501	4826	1.0
1501	3899	1.0
1501	4892	1.0
1563	1934	1.0
1563	4753	1.0
1563	4504	1.0
1563	2334	1.0
1563	3493	1.0
1563	5053	1.0
1563	4031	1.0
1563	1990	1.0
1563	1991	1.0
1563	2618	1.0
1563	4321	1.0
1563	4582	1.0
1563	3689	1.0
1563	2027	1.0
1563	1862	1.0
1563	2879	1.0
1563	3836	1.0
1353	4020	1.0
1353	4407	1.0
1353	2415	1.0
1353	4958	1.0
133	920	1.0
133	2332	1.0
133	2465	1.0
133	155	1.0
133	4517	1.0
133	3752	1.0
133	4019	1.0
133	2617	1.0
133	3771	1.0
133	2108	1.0
133	2495	1.0
133	3413	1.0
133	2648	1.0
133	2408	1.0
133	4206	1.0
133	4884	1.0
133	3450	1.0
133	4475	1.0
1331	2059	1.0
1331	1555	1.0
1331	2846	1.0
1331	1951	1.0
1331	4771	1.0
1331	4902	1.0
1331	2955	1.0
1331	4269	1.0
1331	2862	1.0
1331	3759	1.0
1331	4530	1.0
1331	3636	1.0
1331	3900	1.0
1331	4157	1.0
1331	4158	1.0
1331	3007	1.0
1331	1475	1.0
1331	2116	1.0
1331	3523	1.0
1331	2905	1.0
1331	1502	1.0
1331	3764	1.0
1331	1893	1.0
1331	3686	1.0
1331	2539	1.0
1331	1782	1.0
1331	3960	1.0
1331	3834	1.0
1410	2799	1.0
1410	3490	1.0
1410	4935	1.0
1410	4910	1.0
1410	4913	1.0
1410	1714	1.0
1410	3527	1.0
1410	3530	1.0
1410	3531	1.0
1410	2764	1.0
1410	5207	1.0
1410	2656	1.0
1410	3683	1.0
1410	2917	1.0
1410	2668	1.0
1410	1526	1.0
1410	3577	1.0
1410	1915	1.0
3338	3393	1.0
3338	4581	1.0
3338	4551	1.0
3338	3789	1.0
3338	5038	1.0
3338	4077	1.0
3338	3826	1.0
3338	4387	1.0
3166	4488	1.0
3166	3237	1.0
3166	3273	1.0
3166	4022	1.0
3166	4510	1.0
2399	4088	1.0
2399	3971	1.0
2399	4404	1.0
2399	3115	1.0
2399	4241	1.0
2399	5006	1.0
2399	2575	1.0
2399	2868	1.0
2399	2479	1.0
2399	2936	1.0
2399	3791	1.0
2511	4810	1.0
2511	4399	1.0
2511	3286	1.0
2511	3588	1.0
2813	4455	1.0
2813	3978	1.0
2813	4769	1.0
2813	4690	1.0
2813	4975	1.0
2813	4754	1.0
2813	4574	1.0
2813	3771	1.0
2606	4324	1.0
2606	3238	1.0
2606	2901	1.0
2606	2743	1.0
2606	3738	1.0
2666	3109	1.0
2666	4422	1.0
2666	3319	1.0
2666	3660	1.0
2666	4077	1.0
2666	4463	1.0
2666	2833	1.0
2666	4589	1.0
2676	2754	1.0
2676	4579	1.0
2676	3399	1.0
2676	3824	1.0
2676	4692	1.0
2676	4540	1.0
