src_id:int64	dst_id:int64	weight:double	feature:string
12	13	0.097545	yellow:0:s2:10:0.1:0.5
12	15	0.097545	yellow:0:s2:10:0.1:0.5
12	3	0.097545	yellow:0:s2:10:0.1:0.5
12	10	0.097545	yellow:0:s2:10:0.1:0.5
13	14	0.097545	yellow:0:s2:10:0.1:0.5
13	9	0.097545	yellow:0:s2:10:0.1:0.5
13	11	0.097545	yellow:0:s2:10:0.1:0.5
13	12	0.097545	yellow:0:s2:10:0.1:0.5
15	12	0.097545	yellow:0:s2:10:0.1:0.5
15	14	0.097545	yellow:0:s2:10:0.1:0.5
4	9	0.097545	yellow:0:s2:10:0.1:0.5
4	11	0.097545	yellow:0:s2:10:0.1:0.5
5	6	0.097545	yellow:0:s2:10:0.1:0.5
5	14	0.097545	yellow:0:s2:10:0.1:0.5
7	8	0.097545	yellow:0:s2:10:0.1:0.5
7	6	0.097545	yellow:0:s2:10:0.1:0.5
8	14	0.097545	yellow:0:s2:10:0.1:0.5
8	7	0.097545	yellow:0:s2:10:0.1:0.5
9	10	0.097545	yellow:0:s2:10:0.1:0.5
9	13	0.097545	yellow:0:s2:10:0.1:0.5
9	4	0.097545	yellow:0:s2:10:0.1:0.5
