src_id:int64	dst_id:int64	weight:double	feature:string
2	3	0.097545	yellow:0:s2:10:0.1:0.5
2	10	0.097545	yellow:0:s2:10:0.1:0.5
2	11	0.097545	yellow:0:s2:10:0.1:0.5
3	12	0.097545	yellow:0:s2:10:0.1:0.5
10	12	0.097545	yellow:0:s2:10:0.1:0.5
11	13	0.097545	yellow:0:s2:10:0.1:0.5
2	1	0.097545	yellow:0:s2:10:0.1:0.5
3	1	0.097545	yellow:0:s2:10:0.1:0.5
3	2	0.097545	yellow:0:s2:10:0.1:0.5
10	2	0.097545	yellow:0:s2:10:0.1:0.5
11	2	0.097545	yellow:0:s2:10:0.1:0.5
11	4	0.097545	yellow:0:s2:10:0.1:0.5
10	9	0.097545	yellow:0:s2:10:0.1:0.5
1	2	0.097545	yellow:0:s2:10:0.1:0.5
1	3	0.097545	yellow:0:s2:10:0.1:0.5
1	6	0.097545	yellow:0:s2:10:0.1:0.5
1	14	0.097545	yellow:0:s2:10:0.1:0.5
6	7	0.097545	yellow:0:s2:10:0.1:0.5
6	14	0.097545	yellow:0:s2:10:0.1:0.5
14	15	0.097545	yellow:0:s2:10:0.1:0.5
6	1	0.097545	yellow:0:s2:10:0.1:0.5
14	1	0.097545	yellow:0:s2:10:0.1:0.5
6	5	0.097545	yellow:0:s2:10:0.1:0.5
14	5	0.097545	yellow:0:s2:10:0.1:0.5
14	6	0.097545	yellow:0:s2:10:0.1:0.5
14	8	0.097545	yellow:0:s2:10:0.1:0.5
14	13	0.097545	yellow:0:s2:10:0.1:0.5
