src_id:int64	dst_id:int64	weight:double
596	2512	1.0
596	2420	1.0
596	2677	1.0
596	2774	1.0
596	761	1.0
596	3258	1.0
596	5148	1.0
596	2813	1.0
2420	4865	1.0
2420	3957	1.0
3258	5002	1.0
3258	4719	1.0
3258	4282	1.0
1719	2657	1.0
1719	2858	1.0
1719	3629	1.0
1719	4751	1.0
1719	1840	1.0
1719	3605	1.0
1840	3659	1.0
1840	4280	1.0
3605	4209	1.0
3605	4839	1.0
3605	3660	1.0
3605	4493	1.0
3605	3693	1.0
285	4356	1.0
285	5005	1.0
285	2318	1.0
285	1169	1.0
285	2582	1.0
285	2436	1.0
285	2714	1.0
285	4002	1.0
285	3753	1.0
285	2602	1.0
285	4779	1.0
285	2733	1.0
285	1202	1.0
285	2910	1.0
285	4157	1.0
285	3520	1.0
285	321	1.0
285	4046	1.0
285	1872	1.0
285	5074	1.0
285	1368	1.0
285	1502	1.0
285	4063	1.0
285	866	1.0
285	3173	1.0
285	1008	1.0
285	627	1.0
321	4776	1.0
321	2955	1.0
321	2733	1.0
321	4912	1.0
321	3935	1.0
3753	5005	1.0
3753	5074	1.0
4779	4826	1.0
715	3339	1.0
715	4391	1.0
715	2856	1.0
715	907	1.0
715	3581	1.0
715	2867	1.0
715	4251	1.0
715	4509	1.0
715	4895	1.0
907	1986	1.0
907	3408	1.0
907	4391	1.0
907	1929	1.0
907	2603	1.0
907	3790	1.0
907	4820	1.0
907	4215	1.0
907	3386	1.0
907	2938	1.0
907	4987	1.0
907	3293	1.0
295	2243	1.0
295	1738	1.0
295	5195	1.0
295	1036	1.0
295	3250	1.0
295	2143	1.0
295	3031	1.0
295	4439	1.0
295	3032	1.0
295	1435	1.0
295	2175	1.0
1435	3321	1.0
1435	1565	1.0
1435	4381	1.0
1435	2843	1.0
1435	2980	1.0
1435	1454	1.0
1435	4540	1.0
1435	4926	1.0
1435	2501	1.0
1435	5195	1.0
1435	4436	1.0
1435	4439	1.0
1435	4584	1.0
1435	2032	1.0
1435	2676	1.0
1435	4692	1.0
1738	5218	1.0
1738	5195	1.0
3031	5218	1.0
147	2822	1.0
147	4233	1.0
147	3778	1.0
147	237	1.0
147	3984	1.0
147	1813	1.0
147	5148	1.0
147	3746	1.0
147	676	1.0
147	934	1.0
147	2599	1.0
147	3501	1.0
147	558	1.0
147	2867	1.0
147	4153	1.0
147	1974	1.0
147	4681	1.0
147	4408	1.0
147	2489	1.0
147	4282	1.0
147	3771	1.0
147	316	1.0
147	445	1.0
147	5056	1.0
147	2242	1.0
147	1605	1.0
147	4167	1.0
147	1352	1.0
147	4553	1.0
147	4023	1.0
147	845	1.0
147	2901	1.0
147	4601	1.0
147	3044	1.0
147	4058	1.0
147	4752	1.0
147	4324	1.0
147	2277	1.0
147	3494	1.0
147	4712	1.0
147	1901	1.0
147	4981	1.0
147	1270	1.0
147	1400	1.0
147	2553	1.0
1901	4553	1.0
1901	4233	1.0
2140	5142	1.0
2140	2954	1.0
2140	4492	1.0
2140	4368	1.0
2140	4568	1.0
2140	2722	1.0
2140	2602	1.0
2140	2618	1.0
2140	3391	1.0
2140	4675	1.0
2140	4298	1.0
2140	2520	1.0
2140	4579	1.0
2140	2791	1.0
2140	2279	1.0
2140	3181	1.0
2520	2838	1.0
755	2560	1.0
755	1410	1.0
755	4490	1.0
755	1042	1.0
755	1562	1.0
755	2799	1.0
755	3490	1.0
755	4935	1.0
755	1324	1.0
755	4913	1.0
755	1714	1.0
755	1334	1.0
755	3527	1.0
755	3530	1.0
755	3531	1.0
755	2764	1.0
755	5207	1.0
755	2656	1.0
755	2917	1.0
755	998	1.0
755	2668	1.0
755	757	1.0
755	1526	1.0
755	1915	1.0
755	1277	1.0
3527	4490	1.0
3527	4910	1.0
3527	4913	1.0
3527	4935	1.0
3527	3530	1.0
3527	3531	1.0
3527	5207	1.0
3527	3683	1.0
3527	3577	1.0
762	4609	1.0
762	3755	1.0
762	1832	1.0
762	3658	1.0
762	5196	1.0
762	3437	1.0
762	4943	1.0
762	2800	1.0
762	928	1.0
762	4435	1.0
762	1396	1.0
762	4885	1.0
762	4762	1.0
762	1290	1.0
762	2997	1.0
1832	3658	1.0
4609	5196	1.0
499	4960	1.0
499	706	1.0
499	1283	1.0
499	3075	1.0
499	1029	1.0
499	4937	1.0
499	4674	1.0
499	3675	1.0
499	4936	1.0
499	3794	1.0
499	2803	1.0
499	3061	1.0
499	3063	1.0
499	3480	1.0
499	2916	1.0
499	3963	1.0
499	1308	1.0
1308	4960	1.0
1308	3675	1.0
1308	2916	1.0
1308	3021	1.0
1308	3480	1.0
1308	4936	1.0
1308	3794	1.0
1308	2803	1.0
1308	4674	1.0
1308	3061	1.0
1308	3063	1.0
1308	3963	1.0
1308	3477	1.0
2803	3075	1.0
2803	4937	1.0
2803	3963	1.0
2803	4936	1.0
2803	3794	1.0
2803	3061	1.0
2803	3063	1.0
2803	3480	1.0
2803	2916	1.0
2803	3675	1.0
2803	3477	1.0
114	2631	1.0
114	4713	1.0
114	938	1.0
114	1198	1.0
114	3351	1.0
114	1396	1.0
114	1594	1.0
1198	1594	1.0
1198	2631	1.0
892	1472	1.0
892	3141	1.0
892	1280	1.0
892	5231	1.0
892	1275	1.0
892	925	1.0
2025	4581	1.0
2025	4519	1.0
2025	3176	1.0
2025	2473	1.0
2025	3139	1.0
2473	4519	1.0
2473	3176	1.0
2473	4114	1.0
2473	3235	1.0
2473	3564	1.0
983	4131	1.0
983	3723	1.0
983	3661	1.0
983	1075	1.0
983	3647	1.0
1075	4131	1.0
1075	3723	1.0
1075	3661	1.0
1075	3647	1.0
3647	4131	1.0
3647	3857	1.0
3647	4465	1.0
975	5029	1.0
975	1001	1.0
975	5066	1.0
975	1964	1.0
975	2863	1.0
975	4140	1.0
975	1170	1.0
975	4206	1.0
975	2195	1.0
975	3859	1.0
975	3450	1.0
975	2709	1.0
1001	2211	1.0
1001	4836	1.0
1001	4580	1.0
1001	3690	1.0
1001	3426	1.0
1001	4206	1.0
1001	2578	1.0
1001	4695	1.0
1001	1494	1.0
1001	2617	1.0
1001	1369	1.0
1001	2809	1.0
1001	3450	1.0
2863	5029	1.0
2863	4140	1.0
2863	3796	1.0
2863	3859	1.0
2863	3450	1.0
457	4682	1.0
457	5066	1.0
457	3727	1.0
457	4080	1.0
457	2354	1.0
457	5047	1.0
457	1021	1.0
457	2046	1.0
4682	4797	1.0
679	4489	1.0
679	4746	1.0
679	4652	1.0
679	2707	1.0
679	5076	1.0
679	4696	1.0
679	1021	1.0
4696	5076	1.0
629	2121	1.0
629	2106	1.0
629	2407	1.0
2121	4999	1.0
2121	2652	1.0
2407	2652	1.0
1447	4426	1.0
1447	2028	1.0
2028	4426	1.0
2028	2418	1.0
2028	3379	1.0
2028	3413	1.0
2028	4311	1.0
2028	3034	1.0
2028	2318	1.0
4426	5122	1.0
161	3277	1.0
3277	3913	1.0
3277	3842	1.0
3006	4425	1.0
3006	4759	1.0
3006	4205	1.0
3006	3349	1.0
3006	4091	1.0
1706	2280	1.0
1706	4785	1.0
1706	3414	1.0
1706	4954	1.0
1706	3452	1.0
2828	3028	1.0
3028	3707	1.0
695	3747	1.0
695	2054	1.0
695	1071	1.0
695	3347	1.0
695	3096	1.0
2992	3763	1.0
1637	5129	1.0
1637	2190	1.0
1637	4569	1.0
2190	2746	1.0
687	4898	1.0
687	4452	1.0
3005	4108	1.0
3005	3214	1.0
3005	4468	1.0
3005	3671	1.0
3005	4532	1.0
3159	4116	1.0
4116	4970	1.0
1420	5051	1.0
1420	4403	1.0
1420	1836	1.0
1420	3055	1.0
1420	4178	1.0
1420	4995	1.0
1420	4533	1.0
1420	4009	1.0
1420	3928	1.0
1420	1947	1.0
1420	1629	1.0
1420	1695	1.0
1695	5051	1.0
1695	1836	1.0
1695	4995	1.0
1695	4533	1.0
1695	3928	1.0
1695	1947	1.0
633	2307	1.0
633	3846	1.0
633	5192	1.0
633	3788	1.0
633	1347	1.0
633	3468	1.0
633	3181	1.0
633	1683	1.0
633	4406	1.0
633	3100	1.0
633	2142	1.0
659	1675	1.0
659	3372	1.0
659	2093	1.0
659	4430	1.0
659	3184	1.0
659	5206	1.0
659	4988	1.0
2093	2252	1.0
2093	2541	1.0
2093	4430	1.0
2093	4312	1.0
1438	1921	1.0
1438	1959	1.0
1438	4969	1.0
1438	3946	1.0
1438	1833	1.0
1438	3309	1.0
1438	1643	1.0
1438	1874	1.0
1438	3346	1.0
1438	2647	1.0
1438	3964	1.0
1438	1834	1.0
1921	2214	1.0
1921	4977	1.0
1921	3560	1.0
1485	2887	1.0
1485	4041	1.0
1485	3765	1.0
1485	3347	1.0
1485	3284	1.0
1485	2645	1.0
1485	3825	1.0
1485	3679	1.0
3284	3347	1.0
63	2915	1.0
2915	3076	1.0
2915	3337	1.0
2915	4470	1.0
2915	4026	1.0
1482	4987	1.0
1482	4711	1.0
1482	2445	1.0
1482	4578	1.0
1482	2322	1.0
1482	1666	1.0
1482	2711	1.0
1482	2618	1.0
1482	4283	1.0
3764	4493	1.0
3764	4269	1.0
3764	4015	1.0
3764	4158	1.0
3764	3960	1.0
3764	3834	1.0
622	1634	1.0
622	2139	1.0
622	1610	1.0
622	4517	1.0
1634	3318	1.0
1634	4517	1.0
1634	3507	1.0
1634	4630	1.0
671	1325	1.0
671	3086	1.0
1325	1396	1.0
1325	3437	1.0
1325	3086	1.0
3830	4516	1.0
3830	4547	1.0
3178	4942	1.0
535	794	1.0
794	1234	1.0
794	1668	1.0
1518	2669	1.0
1518	5169	1.0
1518	2774	1.0
1518	1976	1.0
1518	2842	1.0
1518	4538	1.0
1508	2181	1.0
1508	3181	1.0
1508	1934	1.0
1508	1805	1.0
1508	4976	1.0
1508	4753	1.0
1508	4754	1.0
1508	1565	1.0
2181	4742	1.0
2181	4754	1.0
2181	2813	1.0
2580	5155	1.0
2580	5094	1.0
2580	4553	1.0
2580	4621	1.0
2580	2638	1.0
2580	4563	1.0
2580	4733	1.0
2638	4553	1.0
2638	4427	1.0
2638	4621	1.0
2638	4695	1.0
2213	5148	1.0
2213	5035	1.0
2495	2726	1.0
2495	4839	1.0
2495	3752	1.0
2495	3135	1.0
2495	4229	1.0
2495	3665	1.0
2495	2614	1.0
2495	2714	1.0
2495	4987	1.0
2495	4127	1.0
4555	4819	1.0
4508	5224	1.0
4508	5047	1.0
2482	2483	1.0
2482	3254	1.0
2482	3886	1.0
3254	3886	1.0
2481	4772	1.0
2481	4945	1.0
2481	3497	1.0
2481	4746	1.0
2481	4532	1.0
2481	4185	1.0
2481	4159	1.0
3497	4159	1.0
461	1737	1.0
461	5170	1.0
461	3602	1.0
461	3762	1.0
1737	3724	1.0
1737	3762	1.0
1737	3758	1.0
1737	3602	1.0
2639	3428	1.0
2639	3590	1.0
2639	2795	1.0
2639	2990	1.0
2639	3479	1.0
2639	3992	1.0
2462	3586	1.0
2462	3588	1.0
2462	2708	1.0
2462	5237	1.0
2462	2870	1.0
2462	2813	1.0
5	2602	1.0
5	2603	1.0
5	279	1.0
279	3335	1.0
279	937	1.0
279	2602	1.0
279	2603	1.0
1850	2217	1.0
2217	3435	1.0
2217	2879	1.0
1869	2845	1.0
1869	3751	1.0
1869	3441	1.0
1869	4361	1.0
1869	3339	1.0
1869	3471	1.0
1869	4016	1.0
1869	2833	1.0
1869	3186	1.0
1869	2067	1.0
1869	4662	1.0
1869	3549	1.0
1869	4988	1.0
1869	3581	1.0
2779	4473	1.0
2779	3013	1.0
1750	1922	1.0
1750	3553	1.0
1750	3076	1.0
1750	2227	1.0
1750	4033	1.0
1750	3018	1.0
1750	2151	1.0
1750	2901	1.0
1750	4055	1.0
1750	2298	1.0
1750	3134	1.0
1750	4725	1.0
178	1473	1.0
178	3347	1.0
178	3771	1.0
178	4261	1.0
2857	3374	1.0
2857	3054	1.0
2857	4637	1.0
3054	3374	1.0
3054	4637	1.0
4035	4380	1.0
4035	4887	1.0
4380	4481	1.0
4380	4887	1.0
2679	5098	1.0
2679	3155	1.0
2679	4511	1.0
1953	4387	1.0
1953	3624	1.0
1953	5206	1.0
1953	2104	1.0
1953	4316	1.0
2023	2914	1.0
2023	3697	1.0
2023	3406	1.0
2023	3081	1.0
2023	2606	1.0
2023	5148	1.0
1884	3449	1.0
1884	4986	1.0
1884	3012	1.0
1906	2158	1.0
2158	3207	1.0
2158	2984	1.0
2158	3722	1.0
2158	4879	1.0
2158	3921	1.0
2158	4626	1.0
2158	2324	1.0
2158	2906	1.0
2158	3391	1.0
2750	3676	1.0
2750	5099	1.0
2750	4028	1.0
2750	4958	1.0
3676	4028	1.0
3676	4958	1.0
2748	4599	1.0
4599	5025	1.0
4599	5178	1.0
2740	5179	1.0
2729	4545	1.0
2729	3913	1.0
2729	3655	1.0
2729	3625	1.0
2729	4826	1.0
2729	4892	1.0
3625	3913	1.0
194	1286	1.0
194	1036	1.0
194	1167	1.0
194	2586	1.0
194	4642	1.0
194	941	1.0
194	1976	1.0
194	5185	1.0
194	4551	1.0
194	4690	1.0
194	4179	1.0
194	4820	1.0
194	4184	1.0
194	2405	1.0
194	229	1.0
194	2387	1.0
194	2813	1.0
2405	2810	1.0
2405	2586	1.0
2727	4334	1.0
2727	4350	1.0
341	2827	1.0
341	2598	1.0
944	1918	1.0
944	2910	1.0
944	4887	1.0
1918	2542	1.0
1918	4887	1.0
1918	2428	1.0
363	4583	1.0
363	933	1.0
363	1415	1.0
363	2824	1.0
363	1673	1.0
363	3735	1.0
363	3596	1.0
363	3608	1.0
363	3512	1.0
363	4542	1.0
3596	4583	1.0
3596	3735	1.0
3596	3608	1.0
3596	4542	1.0
936	2092	1.0
936	1297	1.0
936	4955	1.0
936	4383	1.0
1297	4039	1.0
1297	3600	1.0
1297	1336	1.0
1297	4955	1.0
1297	1727	1.0
968	1670	1.0
968	1800	1.0
968	1739	1.0
968	3989	1.0
968	984	1.0
968	3994	1.0
968	1947	1.0
968	3196	1.0
1800	4494	1.0
1800	3989	1.0
1800	3994	1.0
1800	1947	1.0
1800	4138	1.0
1800	4533	1.0
1800	4412	1.0
1800	4421	1.0
1800	4176	1.0
1800	2272	1.0
1800	4596	1.0
1800	3575	1.0
1800	3196	1.0
1278	3837	1.0
3837	4189	1.0
3837	4282	1.0
775	1345	1.0
775	3907	1.0
775	4479	1.0
775	3623	1.0
775	3867	1.0
775	2090	1.0
775	1571	1.0
775	1907	1.0
775	894	1.0
775	1113	1.0
775	1497	1.0
775	4570	1.0
775	2267	1.0
775	2556	1.0
775	4542	1.0
775	4735	1.0
1571	3907	1.0
1571	3867	1.0
1571	2090	1.0
1571	3623	1.0
1571	4735	1.0
1571	1907	1.0
1571	4184	1.0
1571	4570	1.0
1571	2267	1.0
1571	2556	1.0
1571	4479	1.0
778	3233	1.0
778	2171	1.0
778	992	1.0
778	4456	1.0
778	1916	1.0
778	3852	1.0
778	1234	1.0
778	1205	1.0
778	4504	1.0
778	4313	1.0
778	1563	1.0
782	4043	1.0
782	2287	1.0
782	2137	1.0
782	4954	1.0
782	1563	1.0
2287	4864	1.0
2287	4392	1.0
2287	3114	1.0
2287	4043	1.0
2287	2851	1.0
2287	3610	1.0
2287	5183	1.0
334	2166	1.0
334	4598	1.0
334	1975	1.0
334	4184	1.0
334	857	1.0
857	3873	1.0
857	2566	1.0
857	4385	1.0
857	3081	1.0
857	4975	1.0
857	3187	1.0
857	3193	1.0
857	2716	1.0
857	1949	1.0
857	1470	1.0
1164	4196	1.0
1164	1227	1.0
1164	1358	1.0
1164	1844	1.0
1164	4798	1.0
1164	4797	1.0
1164	4990	1.0
1132	1687	1.0
917	4282	1.0
917	3877	1.0
917	4998	1.0
3877	4282	1.0
3877	4998	1.0
3603	3962	1.0
3603	4962	1.0
3962	4962	1.0
3962	4520	1.0
3962	4047	1.0
1087	4196	1.0
1087	3407	1.0
1087	3349	1.0
1087	4119	1.0
1087	4797	1.0
1087	4990	1.0
916	2524	1.0
916	2853	1.0
916	3629	1.0
916	916	1.0
916	5173	1.0
916	1564	1.0
916	4645	1.0
1099	4394	1.0
4394	4962	1.0
1103	3499	1.0
1103	1228	1.0
1103	4846	1.0
1103	2906	1.0
1103	1530	1.0
1530	3499	1.0
1530	2906	1.0
1104	2224	1.0
1104	3659	1.0
1189	2929	1.0
1189	2504	1.0
1189	1514	1.0
1189	1227	1.0
1189	1900	1.0
1189	2573	1.0
1189	1230	1.0
1189	2568	1.0
1189	3925	1.0
1189	2807	1.0
1189	4441	1.0
3220	4362	1.0
3220	4492	1.0
4362	4492	1.0
3203	4556	1.0
3203	5112	1.0
3203	4304	1.0
3203	4629	1.0
3203	4063	1.0
3203	4321	1.0
3203	4880	1.0
3203	4383	1.0
3205	5108	1.0
3205	4730	1.0
3205	4636	1.0
3205	4350	1.0
3205	5151	1.0
716	1601	1.0
716	1642	1.0
716	2603	1.0
716	4820	1.0
716	3293	1.0
716	1567	1.0
1601	3976	1.0
1601	4820	1.0
1601	2174	1.0
1327	1704	1.0
1327	5239	1.0
1327	3023	1.0
1327	3637	1.0
1327	2871	1.0
1327	3544	1.0
1327	2332	1.0
2871	3913	1.0
2871	4946	1.0
2871	3599	1.0
2871	4676	1.0
2871	4187	1.0
2871	4445	1.0
2871	3071	1.0
745	1489	1.0
745	991	1.0
991	3572	1.0
732	1700	1.0
732	967	1.0
732	4842	1.0
732	2532	1.0
732	1796	1.0
732	1348	1.0
732	3002	1.0
732	1275	1.0
732	4894	1.0
4842	4894	1.0
1304	1328	1.0
1304	1586	1.0
1304	1404	1.0
1328	3816	1.0
1328	1586	1.0
1328	1404	1.0
1328	4957	1.0
4218	4933	1.0
421	4014	1.0
4246	4259	1.0
4246	4263	1.0
4246	4247	1.0
4235	4797	1.0
4474	4492	1.0
4474	4652	1.0
4474	4557	1.0
3534	4804	1.0
3534	5177	1.0
3534	4282	1.0
4241	5006	1.0
4139	4422	1.0
3551	3602	1.0
3551	3762	1.0
4117	4954	1.0
4117	4700	1.0
3466	3629	1.0
4488	4510	1.0
4181	4574	1.0
4181	5083	1.0
4486	4974	1.0
4188	4324	1.0
4188	4700	1.0
4154	4946	1.0
417	1283	1.0
417	902	1.0
417	2647	1.0
4170	4282	1.0
4170	4998	1.0
4388	4447	1.0
436	5197	1.0
437	2404	1.0
437	4810	1.0
437	2347	1.0
437	4399	1.0
437	2511	1.0
4413	4735	1.0
4413	4570	1.0
4413	4542	1.0
4413	4479	1.0
4398	4475	1.0
3498	3602	1.0
3496	3655	1.0
3495	3499	1.0
3494	4233	1.0
3494	5148	1.0
3494	4517	1.0
3494	3890	1.0
3494	3892	1.0
3494	4408	1.0
3494	4282	1.0
3494	5056	1.0
3494	4681	1.0
3494	4167	1.0
3494	4553	1.0
3494	4614	1.0
3494	3778	1.0
3494	4023	1.0
3494	4601	1.0
3494	4153	1.0
3494	4058	1.0
3494	4342	1.0
3494	4475	1.0
3494	4324	1.0
3494	4452	1.0
3494	4981	1.0
3494	5046	1.0
4404	5006	1.0
4407	4958	1.0
3516	3845	1.0
43	4169	1.0
43	2032	1.0
43	243	1.0
43	4694	1.0
43	1975	1.0
3515	4430	1.0
3515	4312	1.0
446	447	1.0
4347	4491	1.0
435	3023	1.0
435	708	1.0
435	1537	1.0
4324	5148	1.0
4324	4681	1.0
4324	4408	1.0
4324	5056	1.0
4324	4553	1.0
4324	4700	1.0
4324	4981	1.0
4324	4601	1.0
4457	4586	1.0
4329	5164	1.0
4332	4946	1.0
382	3434	1.0
3821	4122	1.0
3821	4247	1.0
3823	4948	1.0
364	4391	1.0
380	3022	1.0
3633	3799	1.0
3808	3898	1.0
3813	5216	1.0
3813	4073	1.0
3813	3882	1.0
3813	4185	1.0
3621	3956	1.0
3632	4452	1.0
3850	4493	1.0
3850	4055	1.0
3854	4645	1.0
3854	4662	1.0
3855	4662	1.0
3725	5050	1.0
3700	4349	1.0
3698	4791	1.0
3698	4892	1.0
3703	4250	1.0
371	1828	1.0
371	2834	1.0
371	3828	1.0
3694	4692	1.0
3694	4821	1.0
3694	4540	1.0
3667	4731	1.0
3787	4168	1.0
3789	4075	1.0
3789	4581	1.0
3789	4551	1.0
3789	4968	1.0
366	2563	1.0
3759	4743	1.0
3673	4174	1.0
3768	4759	1.0
4030	4309	1.0
4059	4304	1.0
4059	4313	1.0
4059	4282	1.0
4000	4336	1.0
4012	4635	1.0
4095	4242	1.0
411	1036	1.0
4113	4361	1.0
4113	4662	1.0
4113	4988	1.0
4078	4299	1.0
407	2901	1.0
4077	4361	1.0
4082	4523	1.0
3885	3981	1.0
3891	4829	1.0
3893	4068	1.0
3893	4839	1.0
3893	4209	1.0
3893	4776	1.0
3900	4771	1.0
3900	4530	1.0
3900	4157	1.0
3900	4158	1.0
3900	4946	1.0
3975	4237	1.0
3969	4093	1.0
399	3707	1.0
399	3023	1.0
3996	4384	1.0
395	2599	1.0
395	4553	1.0
395	558	1.0
395	2867	1.0
395	4981	1.0
395	4233	1.0
395	4408	1.0
590	2137	1.0
590	3434	1.0
572	4021	1.0
571	1117	1.0
571	3143	1.0
593	3503	1.0
595	3709	1.0
605	1283	1.0
605	1441	1.0
605	2647	1.0
547	1534	1.0
547	2807	1.0
540	2996	1.0
54	2702	1.0
562	3873	1.0
562	3170	1.0
562	2755	1.0
658	4330	1.0
658	1470	1.0
663	3582	1.0
65	4245	1.0
65	951	1.0
649	3918	1.0
648	4581	1.0
645	2563	1.0
644	899	1.0
644	5197	1.0
667	3557	1.0
67	2625	1.0
67	554	1.0
67	2733	1.0
675	3331	1.0
613	2216	1.0
613	1218	1.0
613	707	1.0
613	4339	1.0
62	268	1.0
62	981	1.0
62	4471	1.0
62	3582	1.0
62	3317	1.0
621	5180	1.0
621	3631	1.0
623	3748	1.0
630	3598	1.0
643	4213	1.0
5149	5149	1.0
516	4025	1.0
516	4428	1.0
5107	5150	1.0
5130	5156	1.0
522	585	1.0
522	3127	1.0
5212	5222	1.0
519	2955	1.0
519	1331	1.0
519	1502	1.0
52	4493	1.0
52	4055	1.0
520	2980	1.0
895	2955	1.0
895	2059	1.0
895	1555	1.0
895	3097	1.0
895	2846	1.0
895	1951	1.0
895	2862	1.0
895	4015	1.0
895	1331	1.0
895	3636	1.0
895	3255	1.0
895	3764	1.0
895	2493	1.0
895	4158	1.0
895	1983	1.0
895	1475	1.0
895	3523	1.0
895	977	1.0
895	2905	1.0
895	1893	1.0
895	3686	1.0
895	3960	1.0
895	3834	1.0
893	1347	1.0
893	3100	1.0
893	1686	1.0
886	4797	1.0
883	3795	1.0
883	884	1.0
882	4414	1.0
913	3629	1.0
915	1553	1.0
86	5139	1.0
858	4322	1.0
854	4013	1.0
854	4014	1.0
861	3913	1.0
847	3573	1.0
841	5144	1.0
865	4131	1.0
868	4370	1.0
870	3653	1.0
870	1406	1.0
871	3459	1.0
873	4079	1.0
88	4422	1.0
880	3622	1.0
963	2833	1.0
963	4441	1.0
963	5097	1.0
971	3122	1.0
971	4940	1.0
971	1397	1.0
965	3983	1.0
96	4341	1.0
959	1284	1.0
958	4103	1.0
955	1594	1.0
955	3869	1.0
985	3265	1.0
985	1403	1.0
985	3949	1.0
986	4523	1.0
987	3820	1.0
987	5235	1.0
987	2991	1.0
989	4029	1.0
989	3462	1.0
996	5204	1.0
932	2822	1.0
932	3778	1.0
932	1813	1.0
932	5148	1.0
932	2465	1.0
932	3494	1.0
932	3501	1.0
932	2867	1.0
932	3892	1.0
932	1974	1.0
932	4023	1.0
932	4408	1.0
932	4153	1.0
932	4282	1.0
932	5056	1.0
932	2242	1.0
932	4601	1.0
932	1605	1.0
932	4167	1.0
932	1352	1.0
932	4681	1.0
932	2901	1.0
932	2489	1.0
932	3620	1.0
932	4058	1.0
932	3044	1.0
932	2277	1.0
932	4981	1.0
932	1270	1.0
932	2553	1.0
935	3286	1.0
935	3553	1.0
935	3134	1.0
935	2298	1.0
935	1598	1.0
84	676	1.0
84	133	1.0
84	4553	1.0
84	4019	1.0
84	4233	1.0
84	3771	1.0
84	2332	1.0
84	2491	1.0
94	410	1.0
94	1574	1.0
94	3206	1.0
94	1271	1.0
946	2445	1.0
948	2652	1.0
950	3680	1.0
743	981	1.0
743	4863	1.0
742	3934	1.0
741	3465	1.0
74	749	1.0
733	3913	1.0
730	3659	1.0
750	2884	1.0
750	2762	1.0
750	1838	1.0
750	1848	1.0
750	1049	1.0
750	3732	1.0
758	4214	1.0
760	2821	1.0
760	5173	1.0
705	2563	1.0
821	4271	1.0
817	5134	1.0
811	4505	1.0
811	4172	1.0
805	1794	1.0
805	5092	1.0
805	4046	1.0
805	3248	1.0
805	2747	1.0
805	4285	1.0
805	4799	1.0
831	3224	1.0
831	3502	1.0
835	3170	1.0
835	2755	1.0
835	845	1.0
835	4605	1.0
836	4472	1.0
837	1744	1.0
837	3218	1.0
787	5181	1.0
777	1891	1.0
777	2408	1.0
777	1609	1.0
777	3690	1.0
777	4649	1.0
777	3129	1.0
78	4152	1.0
78	3453	1.0
78	2133	1.0
78	3341	1.0
786	4130	1.0
789	3378	1.0
789	3022	1.0
789	4618	1.0
796	1101	1.0
8	4086	1.0
801	3937	1.0
802	2094	1.0
802	5206	1.0
471	4349	1.0
472	3482	1.0
4661	5181	1.0
4660	5133	1.0
4681	5148	1.0
4681	4998	1.0
4681	5056	1.0
4681	4981	1.0
4687	4964	1.0
478	4025	1.0
478	3119	1.0
4794	5111	1.0
4800	4901	1.0
4738	5104	1.0
4738	4791	1.0
4756	5027	1.0
4756	4884	1.0
476	493	1.0
476	3318	1.0
4521	5020	1.0
4522	4987	1.0
4522	4629	1.0
4498	4886	1.0
4526	4746	1.0
453	1253	1.0
453	1353	1.0
453	1231	1.0
453	4020	1.0
453	2415	1.0
453	4958	1.0
462	1550	1.0
464	4517	1.0
4585	4825	1.0
4585	4617	1.0
459	3985	1.0
4610	4616	1.0
4610	4629	1.0
502	3664	1.0
502	2716	1.0
497	2884	1.0
4981	5148	1.0
4981	5056	1.0
508	4455	1.0
508	4843	1.0
508	1740	1.0
508	1389	1.0
508	4920	1.0
508	1492	1.0
508	4574	1.0
510	3714	1.0
504	3800	1.0
5056	5148	1.0
506	614	1.0
486	3780	1.0
4859	5057	1.0
485	4195	1.0
485	2182	1.0
4869	5050	1.0
4824	5123	1.0
484	1258	1.0
484	3693	1.0
484	4493	1.0
484	2032	1.0
484	2577	1.0
484	2623	1.0
4921	5218	1.0
4897	5075	1.0
490	702	1.0
1821	4090	1.0
1821	4317	1.0
1810	5104	1.0
181	3728	1.0
1809	3595	1.0
1808	4967	1.0
1806	3179	1.0
1806	5111	1.0
1804	4666	1.0
1804	2283	1.0
1804	2435	1.0
1829	5022	1.0
1845	2480	1.0
1845	3357	1.0
1845	4129	1.0
1786	2859	1.0
1786	4499	1.0
1782	2059	1.0
1782	2956	1.0
1782	3523	1.0
1782	4771	1.0
1782	2862	1.0
1782	4530	1.0
1782	3636	1.0
1782	3255	1.0
1782	3900	1.0
1782	2493	1.0
1782	4158	1.0
1782	1983	1.0
1782	2955	1.0
1782	4946	1.0
1782	2905	1.0
1782	4157	1.0
1782	3960	1.0
1787	4996	1.0
1772	4789	1.0
1771	2752	1.0
1771	2319	1.0
1771	3807	1.0
1847	1891	1.0
1847	2503	1.0
179	1021	1.0
179	3151	1.0
1791	2329	1.0
1797	4405	1.0
1798	4431	1.0
1803	4797	1.0
191	1457	1.0
191	4630	1.0
191	4282	1.0
191	316	1.0
1894	2084	1.0
1914	4523	1.0
1914	2743	1.0
1864	4523	1.0
1861	5003	1.0
1859	4455	1.0
1858	2301	1.0
1858	3686	1.0
1851	3818	1.0
185	5176	1.0
185	5181	1.0
1887	4506	1.0
1887	2723	1.0
1671	3547	1.0
1669	4922	1.0
1661	4046	1.0
166	4370	1.0
1657	2587	1.0
1657	4807	1.0
1656	2965	1.0
1685	4907	1.0
1691	4003	1.0
1692	2511	1.0
1692	3311	1.0
1693	4106	1.0
1693	2346	1.0
1693	4770	1.0
1639	4239	1.0
1636	2714	1.0
1635	4252	1.0
164	1937	1.0
164	4988	1.0
1627	4602	1.0
1621	4918	1.0
1697	3081	1.0
1640	2761	1.0
1644	4709	1.0
1644	3271	1.0
1644	4487	1.0
1646	3707	1.0
1649	2411	1.0
1649	3536	1.0
1652	2795	1.0
1652	4630	1.0
1745	2887	1.0
1745	3338	1.0
1745	5038	1.0
1742	5238	1.0
1736	5101	1.0
1734	4255	1.0
1733	4722	1.0
1754	2990	1.0
1754	5191	1.0
1759	3777	1.0
1759	4564	1.0
1759	4799	1.0
1760	4390	1.0
1760	2487	1.0
1761	2246	1.0
1761	4723	1.0
1705	5161	1.0
1712	3488	1.0
1710	2577	1.0
1708	4301	1.0
1708	3719	1.0
1701	2208	1.0
1701	1780	1.0
170	1583	1.0
17	1668	1.0
17	1805	1.0
1928	4515	1.0
1717	3582	1.0
172	4941	1.0
1728	5091	1.0
1728	1956	1.0
1729	5206	1.0
173	3389	1.0
173	511	1.0
2132	4985	1.0
2129	5122	1.0
2127	2714	1.0
2127	4624	1.0
2120	4200	1.0
212	2143	1.0
2117	3274	1.0
2117	4364	1.0
2112	3644	1.0
2147	5126	1.0
2148	2751	1.0
2149	5115	1.0
2150	4644	1.0
2150	4629	1.0
2153	4055	1.0
2154	3181	1.0
2154	2870	1.0
2088	3824	1.0
2097	5206	1.0
2086	3510	1.0
2085	4999	1.0
2085	2193	1.0
2083	3749	1.0
2082	4348	1.0
2098	5114	1.0
2098	4994	1.0
21	3619	1.0
210	859	1.0
210	5135	1.0
2102	2113	1.0
2107	3116	1.0
2107	5150	1.0
2107	3198	1.0
2108	2332	1.0
2108	4517	1.0
2210	4616	1.0
2210	3446	1.0
2210	2967	1.0
2210	5113	1.0
2206	2723	1.0
2206	2693	1.0
2206	5229	1.0
2205	5163	1.0
2196	5115	1.0
2194	4788	1.0
2218	4990	1.0
2218	4797	1.0
2223	2892	1.0
2223	4695	1.0
2225	3746	1.0
2225	3268	1.0
2225	2673	1.0
2225	3306	1.0
2225	3771	1.0
2225	4029	1.0
2226	3629	1.0
2229	3071	1.0
2231	3072	1.0
2231	3221	1.0
2231	2783	1.0
2165	2746	1.0
2165	3155	1.0
2165	4940	1.0
2165	4249	1.0
218	4670	1.0
218	647	1.0
2180	3920	1.0
2180	4766	1.0
2180	3919	1.0
2183	4874	1.0
2183	2605	1.0
2183	2297	1.0
2183	4957	1.0
2183	2430	1.0
2187	4416	1.0
219	2050	1.0
219	619	1.0
2191	4062	1.0
198	3804	1.0
1979	3303	1.0
1979	3463	1.0
1984	4911	1.0
1971	4525	1.0
1965	3340	1.0
1963	4282	1.0
1996	3724	1.0
1996	3758	1.0
1996	2441	1.0
2	27	1.0
2	4989	1.0
2	3071	1.0
20	763	1.0
1936	3453	1.0
1946	5055	1.0
1941	2311	1.0
1941	2027	1.0
1941	1998	1.0
1941	4311	1.0
1941	2329	1.0
1941	3355	1.0
1947	4995	1.0
1947	3989	1.0
1947	3994	1.0
1947	4138	1.0
1947	5051	1.0
1947	4421	1.0
1947	3928	1.0
1947	2272	1.0
1947	3957	1.0
1947	3575	1.0
1947	3196	1.0
1947	3069	1.0
1933	2774	1.0
1933	1934	1.0
1930	3022	1.0
1948	4533	1.0
1948	4414	1.0
195	3158	1.0
1952	5132	1.0
1958	3832	1.0
196	4810	1.0
196	2511	1.0
2053	2543	1.0
2053	5240	1.0
2047	2379	1.0
2047	4712	1.0
2047	3017	1.0
2047	3734	1.0
2047	4553	1.0
2047	4233	1.0
2047	3261	1.0
2036	3116	1.0
2058	3057	1.0
2058	3838	1.0
2061	3890	1.0
2064	3819	1.0
2066	3549	1.0
2066	2975	1.0
2071	3321	1.0
2071	2230	1.0
2073	2859	1.0
2073	3023	1.0
2073	4820	1.0
2004	4346	1.0
2004	2847	1.0
2013	4629	1.0
2013	4630	1.0
2018	2859	1.0
2026	4197	1.0
2026	2621	1.0
2029	4817	1.0
2029	2034	1.0
2033	3634	1.0
2035	2156	1.0
1210	3500	1.0
121	3688	1.0
1204	2077	1.0
1212	3985	1.0
1217	4887	1.0
1217	4227	1.0
122	351	1.0
122	3773	1.0
122	919	1.0
1226	2730	1.0
1226	1881	1.0
1226	3356	1.0
1173	2095	1.0
1172	4982	1.0
1165	4632	1.0
1163	1369	1.0
1161	4808	1.0
116	1919	1.0
1158	2268	1.0
1185	3997	1.0
1185	1654	1.0
119	4146	1.0
1282	2967	1.0
1273	1333	1.0
1269	4222	1.0
1292	2883	1.0
1292	2884	1.0
1299	2685	1.0
1299	3120	1.0
1299	2346	1.0
13	973	1.0
1300	1740	1.0
1300	3405	1.0
1302	4232	1.0
1303	4199	1.0
1305	3708	1.0
1305	2101	1.0
1305	2046	1.0
1246	4222	1.0
1244	2641	1.0
1244	4468	1.0
1244	2487	1.0
1240	3503	1.0
1240	3797	1.0
1240	4476	1.0
1249	1815	1.0
1236	2001	1.0
1233	1940	1.0
1252	2978	1.0
1252	3211	1.0
1252	3506	1.0
1252	2507	1.0
1255	4017	1.0
1263	3932	1.0
1050	3665	1.0
1050	3980	1.0
1050	3358	1.0
105	409	1.0
1048	3554	1.0
1048	1516	1.0
1047	4967	1.0
1044	2671	1.0
1042	2560	1.0
1042	1410	1.0
1042	4490	1.0
1042	1562	1.0
1042	2799	1.0
1042	3490	1.0
1042	1324	1.0
1042	4910	1.0
1042	4913	1.0
1042	1714	1.0
1042	1334	1.0
1042	4935	1.0
1042	3530	1.0
1042	3531	1.0
1042	2764	1.0
1042	2656	1.0
1042	2917	1.0
1042	2668	1.0
1042	1526	1.0
1042	3577	1.0
1042	1277	1.0
104	923	1.0
1039	2100	1.0
1058	4941	1.0
1060	2059	1.0
1060	2956	1.0
1060	1298	1.0
1060	1555	1.0
1060	3097	1.0
1060	1951	1.0
1060	4771	1.0
1060	2955	1.0
1060	2862	1.0
1060	4015	1.0
1060	1331	1.0
1060	3636	1.0
1060	3255	1.0
1060	3900	1.0
1060	2493	1.0
1060	4158	1.0
1060	3007	1.0
1060	1475	1.0
1060	3523	1.0
1060	4946	1.0
1060	2539	1.0
1060	4157	1.0
1060	1782	1.0
1060	3960	1.0
1060	1983	1.0
1066	1949	1.0
1067	4070	1.0
1069	4449	1.0
1016	3629	1.0
1015	2603	1.0
1010	1011	1.0
1018	3076	1.0
1003	5153	1.0
1003	5146	1.0
1003	4436	1.0
1003	2502	1.0
100	1333	1.0
102	2564	1.0
102	1609	1.0
102	3083	1.0
102	2802	1.0
102	310	1.0
1022	1668	1.0
1025	4327	1.0
1028	1913	1.0
1033	1034	1.0
1129	3997	1.0
1129	1654	1.0
1137	1690	1.0
1135	4008	1.0
1133	4236	1.0
1138	3353	1.0
1138	2836	1.0
1138	2544	1.0
1127	3606	1.0
1125	1175	1.0
1124	3659	1.0
1122	2791	1.0
1122	4368	1.0
1121	4743	1.0
1139	1721	1.0
1141	2186	1.0
1142	1221	1.0
1144	1466	1.0
1144	2379	1.0
1144	3588	1.0
1144	1598	1.0
1145	1513	1.0
1145	1483	1.0
1147	1481	1.0
1147	2349	1.0
1147	4742	1.0
115	1833	1.0
115	1959	1.0
115	4969	1.0
115	3346	1.0
115	1834	1.0
115	3309	1.0
115	1643	1.0
115	1874	1.0
115	3964	1.0
115	3946	1.0
115	1375	1.0
1150	2354	1.0
1154	2457	1.0
1154	1181	1.0
1155	2167	1.0
1074	3181	1.0
1078	4590	1.0
109	898	1.0
1095	1221	1.0
1098	3076	1.0
1106	3657	1.0
1108	4514	1.0
1110	2021	1.0
1111	1753	1.0
1114	3619	1.0
1116	1179	1.0
1116	4132	1.0
152	3921	1.0
152	4726	1.0
152	3134	1.0
1519	1892	1.0
1519	1783	1.0
1517	1904	1.0
1517	4975	1.0
1521	3913	1.0
1510	2016	1.0
1509	4839	1.0
1509	3541	1.0
1509	5007	1.0
1503	5044	1.0
1503	5071	1.0
1522	3517	1.0
153	515	1.0
1539	3597	1.0
1471	2631	1.0
148	208	1.0
148	4466	1.0
1476	4068	1.0
1476	3685	1.0
1474	1531	1.0
1474	2974	1.0
1463	4523	1.0
1462	4286	1.0
1490	3707	1.0
1590	2536	1.0
1600	2186	1.0
1600	4695	1.0
1595	4278	1.0
1591	1749	1.0
159	3562	1.0
1606	3779	1.0
1607	5013	1.0
1618	3065	1.0
1559	2282	1.0
1559	2635	1.0
1559	3492	1.0
1559	3871	1.0
1542	1543	1.0
1566	3815	1.0
1577	4370	1.0
1580	4447	1.0
1359	1698	1.0
1359	2430	1.0
1355	3740	1.0
1354	5126	1.0
135	1330	1.0
135	3828	1.0
1363	3630	1.0
1364	2057	1.0
1364	1364	1.0
1367	1981	1.0
1370	2074	1.0
1376	3579	1.0
1314	4711	1.0
1314	2322	1.0
1314	1433	1.0
1314	2618	1.0
1321	1614	1.0
1316	5184	1.0
1316	5162	1.0
1316	4371	1.0
1310	3652	1.0
131	1211	1.0
1307	4452	1.0
1332	5015	1.0
1338	3493	1.0
134	910	1.0
1340	1935	1.0
1426	3981	1.0
1436	3868	1.0
1436	4193	1.0
1430	4573	1.0
143	4714	1.0
1429	2157	1.0
1429	4975	1.0
1422	3319	1.0
1421	5078	1.0
1418	3648	1.0
1418	2387	1.0
1418	3780	1.0
1443	5211	1.0
1450	2418	1.0
1450	3379	1.0
1450	5159	1.0
1456	3640	1.0
1458	1533	1.0
146	3521	1.0
138	3746	1.0
1384	1938	1.0
1388	4952	1.0
1392	4741	1.0
1392	4447	1.0
14	670	1.0
140	4288	1.0
1411	4469	1.0
3051	4622	1.0
3062	3947	1.0
3060	4190	1.0
306	1403	1.0
306	2910	1.0
3058	4554	1.0
3053	4198	1.0
3063	4674	1.0
3063	3477	1.0
3063	3480	1.0
3063	4936	1.0
3063	4937	1.0
3063	3794	1.0
3063	3675	1.0
3063	4960	1.0
3063	3963	1.0
3042	3473	1.0
3070	5069	1.0
3074	4252	1.0
3075	4960	1.0
3075	3675	1.0
3075	4937	1.0
3075	4936	1.0
3075	3794	1.0
3075	4674	1.0
3075	3480	1.0
3075	3963	1.0
3075	3477	1.0
3079	4478	1.0
3009	3582	1.0
3001	3181	1.0
30	2134	1.0
3027	3518	1.0
3036	4351	1.0
3121	4615	1.0
312	4360	1.0
3138	4690	1.0
3146	4383	1.0
3147	4202	1.0
3087	5173	1.0
3	3921	1.0
3	770	1.0
3	3068	1.0
3103	3657	1.0
3108	5079	1.0
3117	3158	1.0
2900	5092	1.0
2899	5190	1.0
2895	4914	1.0
2893	5150	1.0
2891	5069	1.0
2904	4272	1.0
2917	4490	1.0
2917	3490	1.0
2917	4935	1.0
2917	4910	1.0
2917	4913	1.0
2917	3527	1.0
2917	3530	1.0
2917	3531	1.0
2917	3683	1.0
2917	3577	1.0
2921	3879	1.0
2922	4222	1.0
2923	3506	1.0
2923	3211	1.0
2866	3503	1.0
2865	4849	1.0
286	4204	1.0
2855	3399	1.0
2852	3090	1.0
2874	4922	1.0
2875	4156	1.0
2875	4465	1.0
2886	4612	1.0
2972	3450	1.0
2979	3662	1.0
2977	3696	1.0
2977	3561	1.0
2969	4131	1.0
2969	4275	1.0
2969	4055	1.0
2966	5014	1.0
2983	3019	1.0
2986	3492	1.0
299	406	1.0
2940	3458	1.0
2939	5215	1.0
2942	3627	1.0
293	4383	1.0
2928	3115	1.0
3150	5111	1.0
2952	4303	1.0
2953	3611	1.0
2959	3488	1.0
2960	3038	1.0
336	2106	1.0
3354	5104	1.0
3366	5144	1.0
3369	5105	1.0
3370	5111	1.0
3376	3503	1.0
3320	4219	1.0
3316	4646	1.0
3316	3463	1.0
3382	4237	1.0
3382	4966	1.0
3336	4070	1.0
3343	3503	1.0
3433	4102	1.0
3422	4044	1.0
3420	5034	1.0
345	2498	1.0
345	3222	1.0
346	3348	1.0
346	3351	1.0
3460	3861	1.0
3390	4194	1.0
3383	4959	1.0
340	2139	1.0
3404	3607	1.0
3411	3630	1.0
3412	4932	1.0
3412	4021	1.0
3210	5106	1.0
32	973	1.0
3219	4986	1.0
3219	4317	1.0
3226	4256	1.0
3162	3372	1.0
3172	3629	1.0
3165	4182	1.0
3157	4572	1.0
3157	4247	1.0
3156	3734	1.0
3154	4645	1.0
3180	4949	1.0
3185	3853	1.0
319	5140	1.0
319	677	1.0
319	5127	1.0
3191	4307	1.0
3285	4923	1.0
3285	3347	1.0
3283	3503	1.0
3281	3740	1.0
3291	4781	1.0
3279	4086	1.0
3278	5213	1.0
3278	5206	1.0
3294	3680	1.0
3300	4087	1.0
3301	3741	1.0
0	2232	1.0
0	1547	1.0
0	3851	1.0
3240	3642	1.0
3241	4104	1.0
3243	4614	1.0
3243	4233	1.0
3246	3687	1.0
3247	4957	1.0
326	4036	1.0
326	4422	1.0
326	3471	1.0
326	5092	1.0
326	4988	1.0
3266	5118	1.0
3267	3342	1.0
3269	3746	1.0
3269	3771	1.0
327	2409	1.0
244	4131	1.0
244	1101	1.0
2447	4040	1.0
2447	3423	1.0
2443	4587	1.0
2443	4315	1.0
2439	3397	1.0
2438	4507	1.0
2451	4797	1.0
2454	3650	1.0
2454	3098	1.0
246	357	1.0
246	2913	1.0
246	697	1.0
246	3308	1.0
246	2007	1.0
246	5177	1.0
2460	3862	1.0
2463	3181	1.0
241	2563	1.0
241	2214	1.0
241	2442	1.0
241	4209	1.0
241	3549	1.0
2413	3451	1.0
24	3015	1.0
2394	4603	1.0
2427	3847	1.0
2429	5150	1.0
2519	4629	1.0
2519	2743	1.0
2519	4954	1.0
2518	3292	1.0
2517	3881	1.0
2510	3733	1.0
252	897	1.0
252	2170	1.0
252	301	1.0
2508	3175	1.0
2522	2937	1.0
2523	2602	1.0
2526	4248	1.0
2526	3749	1.0
2528	2714	1.0
248	3276	1.0
248	4280	1.0
248	1275	1.0
2478	4282	1.0
2478	3892	1.0
2484	4425	1.0
2484	3606	1.0
2471	4635	1.0
2470	4810	1.0
2470	2511	1.0
2470	3286	1.0
247	3599	1.0
2469	5043	1.0
2294	4428	1.0
2293	2907	1.0
2278	5001	1.0
2278	2586	1.0
2276	4123	1.0
2273	2292	1.0
2296	3680	1.0
23	808	1.0
23	4354	1.0
2302	4191	1.0
2305	2849	1.0
2306	2366	1.0
2309	4749	1.0
231	1290	1.0
231	491	1.0
231	5196	1.0
231	3437	1.0
231	4943	1.0
231	4435	1.0
231	1396	1.0
231	4885	1.0
231	762	1.0
231	4762	1.0
231	2997	1.0
2250	2541	1.0
2250	3510	1.0
2250	2543	1.0
2248	2254	1.0
2248	4149	1.0
224	1434	1.0
2239	2965	1.0
2238	3692	1.0
2238	3181	1.0
2236	4655	1.0
2310	2477	1.0
2260	4875	1.0
2263	4253	1.0
2264	4118	1.0
2265	4726	1.0
2270	4443	1.0
2270	3740	1.0
2270	4597	1.0
2372	2821	1.0
2360	5217	1.0
236	4268	1.0
2357	4517	1.0
2355	2412	1.0
238	1287	1.0
2383	3802	1.0
2388	2579	1.0
2334	3817	1.0
2312	2444	1.0
2312	3198	1.0
2312	2726	1.0
2312	3116	1.0
2313	4317	1.0
2326	4186	1.0
2327	5142	1.0
2328	4303	1.0
2330	4350	1.0
2333	3845	1.0
2333	2870	1.0
2336	2602	1.0
2336	2603	1.0
2336	4844	1.0
234	3188	1.0
2344	4320	1.0
2745	4416	1.0
2745	4234	1.0
2745	4266	1.0
274	677	1.0
273	1592	1.0
2749	3654	1.0
275	1976	1.0
275	557	1.0
2756	4987	1.0
2760	3835	1.0
2767	4118	1.0
270	1613	1.0
270	2598	1.0
270	1479	1.0
2698	2879	1.0
2697	4663	1.0
2695	2990	1.0
2695	5007	1.0
2694	4524	1.0
2694	3325	1.0
2694	5172	1.0
271	615	1.0
2715	3931	1.0
2717	3948	1.0
2719	4603	1.0
272	874	1.0
282	2204	1.0
2817	4111	1.0
2825	5013	1.0
283	3961	1.0
284	3660	1.0
2841	5181	1.0
2778	4797	1.0
2778	4990	1.0
2786	3721	1.0
2785	4566	1.0
2784	4260	1.0
2784	3327	1.0
2773	3467	1.0
2789	4874	1.0
2796	4488	1.0
2796	3237	1.0
2796	3273	1.0
2796	3166	1.0
2796	4022	1.0
2796	2903	1.0
2796	4409	1.0
2796	4510	1.0
2797	3452	1.0
28	678	1.0
2804	3916	1.0
258	3132	1.0
2584	2892	1.0
2584	4695	1.0
2584	4101	1.0
2575	3791	1.0
2575	4404	1.0
2575	3115	1.0
2575	5006	1.0
2575	4088	1.0
2575	2868	1.0
2575	2936	1.0
2595	2713	1.0
26	2437	1.0
2600	2859	1.0
2551	3067	1.0
2547	3510	1.0
2539	2956	1.0
2539	3097	1.0
2539	4771	1.0
2539	2862	1.0
2539	4015	1.0
2539	4530	1.0
2539	3636	1.0
2539	3255	1.0
2539	3900	1.0
2539	4158	1.0
2539	3007	1.0
2539	2955	1.0
2539	3523	1.0
2539	4946	1.0
2539	2905	1.0
2539	4157	1.0
2539	3960	1.0
2608	2879	1.0
2558	3918	1.0
2559	3929	1.0
2569	3674	1.0
2660	3926	1.0
2658	4327	1.0
2678	3434	1.0
2681	5065	1.0
2682	5206	1.0
2683	4476	1.0
2683	3965	1.0
2683	4839	1.0
2686	3396	1.0
269	3170	1.0
269	1398	1.0
2629	3758	1.0
2613	4450	1.0
2615	3263	1.0
262	1275	1.0
262	1495	1.0
263	263	1.0
263	2999	1.0
2637	5160	1.0
264	3604	1.0
2640	3665	1.0
2644	3740	1.0
265	1322	1.0
2654	3092	1.0
2654	4026	1.0
