id:int64	feature:string
596	596
2420	2420
2512	2512
3258	3258
1719	1719
1840	1840
3605	3605
4751	4751
285	285
321	321
3753	3753
4779	4779
715	715
907	907
4251	4251
4895	4895
295	295
1435	1435
1738	1738
3031	3031
147	147
1901	1901
4752	4752
2140	2140
2520	2520
4675	4675
755	755
3527	3527
5207	5207
762	762
1832	1832
4609	4609
499	499
1308	1308
2803	2803
114	114
1198	1198
4713	4713
892	892
3141	3141
5231	5231
2025	2025
2473	2473
4519	4519
983	983
1075	1075
3647	3647
975	975
1001	1001
2863	2863
457	457
3727	3727
4682	4682
679	679
4696	4696
5076	5076
629	629
2121	2121
2407	2407
1447	1447
2028	2028
4426	4426
161	161
3277	3277
3006	3006
4091	4091
1706	1706
2280	2280
2828	2828
3028	3028
695	695
1071	1071
2992	2992
3763	3763
1637	1637
2190	2190
687	687
4898	4898
3005	3005
4108	4108
3159	3159
4116	4116
1420	1420
1695	1695
633	633
2307	2307
659	659
2093	2093
1438	1438
1921	1921
1485	1485
3284	3284
63	63
2915	2915
1482	1482
4578	4578
3764	3764
4269	4269
622	622
1634	1634
671	671
1325	1325
3830	3830
4547	4547
3178	3178
4942	4942
535	535
794	794
1518	1518
2669	2669
1508	1508
2181	2181
2580	2580
2638	2638
2213	2213
5035	5035
2495	2495
4229	4229
4555	4555
4819	4819
4508	4508
5224	5224
2482	2482
3254	3254
2481	2481
3497	3497
461	461
1737	1737
2639	2639
3428	3428
2462	2462
5237	5237
5	5
279	279
1850	1850
2217	2217
1869	1869
4016	4016
2779	2779
4473	4473
1750	1750
4033	4033
178	178
4261	4261
2857	2857
3054	3054
4035	4035
4380	4380
2679	2679
4511	4511
1953	1953
2104	2104
2023	2023
3697	3697
1884	1884
3449	3449
1906	1906
2158	2158
2750	2750
3676	3676
2748	2748
4599	4599
2740	2740
5179	5179
2729	2729
3625	3625
194	194
2405	2405
2727	2727
4334	4334
341	341
2827	2827
944	944
1918	1918
363	363
3596	3596
936	936
1297	1297
968	968
1800	1800
1278	1278
3837	3837
775	775
1571	1571
778	778
2171	2171
782	782
2287	2287
334	334
857	857
1164	1164
1358	1358
1132	1132
1687	1687
917	917
3877	3877
3603	3603
3962	3962
1087	1087
4119	4119
916	916
1564	1564
1099	1099
4394	4394
1103	1103
1530	1530
1104	1104
2224	2224
1189	1189
2504	2504
3220	3220
4362	4362
3203	3203
4556	4556
3205	3205
4730	4730
716	716
1601	1601
1327	1327
2871	2871
745	745
991	991
732	732
4842	4842
1304	1304
1328	1328
4218	4218
4477	4477
3535	3535
3538	3538
421	421
3539	3539
4246	4246
3524	3524
4262	4262
4115	4115
4235	4235
4474	4474
3534	3534
4241	4241
3528	3528
4244	4244
4147	4147
3555	3555
4139	4139
3551	3551
4151	4151
4117	4117
3556	3556
4175	4175
3466	3466
4488	4488
4180	4180
4181	4181
4486	4486
4188	4188
4482	4482
4163	4163
4154	4154
417	417
4170	4170
4378	4378
4382	4382
4376	4376
4386	4386
4388	4388
4395	4395
436	436
4363	4363
437	437
4374	4374
4438	4438
4410	4410
4413	4413
4433	4433
4420	4420
4432	4432
4398	4398
3498	3498
4442	4442
3496	3496
3495	3495
4404	4404
4407	4407
4464	4464
4291	4291
4463	4463
3516	3516
4296	4296
43	43
3515	3515
4305	4305
4462	4462
4460	4460
446	446
4270	4270
4276	4276
3519	3519
4289	4289
3509	3509
4344	4344
4347	4347
435	435
3508	3508
4457	4457
4326	4326
4329	4329
4332	4332
382	382
3821	3821
3822	3822
3823	3823
364	364
3638	3638
3635	3635
3831	3831
3805	3805
380	380
3801	3801
3633	3633
3808	3808
3646	3646
3812	3812
3813	3813
3621	3621
3865	3865
3878	3878
3880	3880
3632	3632
3839	3839
3849	3849
3850	3850
3854	3854
3855	3855
3725	3725
3738	3738
3742	3742
3700	3700
3698	3698
3702	3702
3703	3703
3704	3704
371	371
3694	3694
3717	3717
3781	3781
3668	3668
3667	3667
3666	3666
3787	3787
3789	3789
366	366
3677	3677
3756	3756
3759	3759
3673	3673
3760	3760
3768	3768
4030	4030
4038	4038
4050	4050
3580	3580
4059	4059
4000	4000
4001	4001
4012	4012
4018	4018
4023	4023
4027	4027
3566	3566
4094	4094
4095	4095
4100	4100
3565	3565
4109	4109
411	411
4113	4113
4078	4078
4066	4066
407	407
4077	4077
4082	4082
4083	4083
4084	4084
4085	4085
3884	3884
3885	3885
3887	3887
3616	3616
3613	3613
3891	3891
3892	3892
3893	3893
3894	3894
3900	3900
3903	3903
3973	3973
3974	3974
3975	3975
3977	3977
3969	3969
399	399
3993	3993
3996	3996
3944	3944
395	395
3950	3950
3951	3951
3952	3952
590	590
59	59
572	572
571	571
593	593
595	595
605	605
549	549
547	547
540	540
54	54
529	529
562	562
658	658
663	663
65	65
649	649
648	648
645	645
644	644
667	667
67	67
675	675
613	613
62	62
621	621
623	623
630	630
632	632
643	643
5154	5154
5141	5141
5138	5138
5157	5157
5158	5158
516	516
5165	5165
5166	5166
5168	5168
5110	5110
5107	5107
5103	5103
5120	5120
5121	5121
5125	5125
5130	5130
5131	5131
5221	5221
5220	5220
522	522
5219	5219
5225	5225
5214	5214
5212	5212
5210	5210
5208	5208
5205	5205
5227	5227
5233	5233
5234	5234
5236	5236
5241	5241
5187	5187
5174	5174
519	519
5199	5199
52	52
520	520
5200	5200
5202	5202
5203	5203
895	895
893	893
886	886
883	883
882	882
911	911
913	913
915	915
86	86
858	858
854	854
861	861
847	847
841	841
865	865
868	868
870	870
871	871
873	873
88	88
880	880
963	963
971	971
965	965
96	96
959	959
958	958
955	955
985	985
986	986
987	987
989	989
996	996
935	935
94	94
946	946
948	948
950	950
952	952
743	743
742	742
741	741
74	74
733	733
730	730
729	729
750	750
758	758
760	760
764	764
705	705
714	714
821	821
817	817
824	824
811	811
806	806
805	805
831	831
835	835
836	836
837	837
787	787
777	777
78	78
786	786
5102	5102
789	789
793	793
796	796
798	798
8	8
801	801
802	802
4703	4703
4710	4710
471	471
4707	4707
4705	4705
4698	4698
4717	4717
472	472
4720	4720
4728	4728
4672	4672
4671	4671
4669	4669
4668	4668
4673	4673
4661	4661
4660	4660
4658	4658
4677	4677
4685	4685
4687	4687
4688	4688
4693	4693
4786	4786
4784	4784
4780	4780
478	478
4778	4778
4777	4777
4774	4774
4794	4794
4795	4795
4800	4800
4803	4803
4806	4806
4809	4809
4734	4734
4738	4738
4747	4747
4756	4756
4757	4757
4758	4758
476	476
4760	4760
4763	4763
4764	4764
4768	4768
4769	4769
4546	4546
4558	4558
4552	4552
4549	4549
4559	4559
4544	4544
4543	4543
4562	4562
4567	4567
4571	4571
4521	4521
4522	4522
4500	4500
4498	4498
4526	4526
4528	4528
453	453
4535	4535
4536	4536
4537	4537
4628	4628
4627	4627
4623	4623
4620	4620
462	462
4619	4619
4614	4614
4633	4633
4638	4638
4639	4639
464	464
4640	4640
4651	4651
4595	4595
4585	4585
4588	4588
4589	4589
459	459
4591	4591
4600	4600
4601	4601
4604	4604
4610	4610
4611	4611
5008	5008
5011	5011
5012	5012
5018	5018
502	502
5021	5021
5023	5023
5026	5026
4973	4973
4971	4971
497	497
4963	4963
4961	4961
4981	4981
4991	4991
5082	5082
5081	5081
508	508
5085	5085
5073	5073
5067	5067
5086	5086
5090	5090
5093	5093
510	510
5030	5030
5037	5037
504	504
5041	5041
5045	5045
5049	5049
4956	4956
5052	5052
5053	5053
5056	5056
5058	5058
506	506
5060	5060
5062	5062
4854	4854
486	486
4859	4859
4858	4858
4852	4852
4851	4851
4850	4850
485	485
4848	4848
4847	4847
4869	4869
4870	4870
4871	4871
4877	4877
4827	4827
4824	4824
4823	4823
4822	4822
4828	4828
4818	4818
4815	4815
4812	4812
4881	4881
4831	4831
4834	4834
4837	4837
484	484
4840	4840
4841	4841
4927	4927
4934	4934
4939	4939
4921	4921
4916	4916
4950	4950
4951	4951
4899	4899
4888	4888
4889	4889
4890	4890
4897	4897
490	490
4902	4902
4903	4903
4906	4906
4908	4908
4909	4909
4915	4915
1821	1821
1820	1820
1823	1823
1810	1810
181	181
1809	1809
1808	1808
1806	1806
1804	1804
1829	1829
1845	1845
1786	1786
1782	1782
1778	1778
1787	1787
1772	1772
1771	1771
1769	1769
1847	1847
1788	1788
179	179
1791	1791
1797	1797
1798	1798
1801	1801
1803	1803
1909	1909
191	191
1899	1899
1894	1894
1910	1910
1914	1914
1926	1926
1856	1856
1864	1864
1861	1861
1859	1859
1851	1851
185	185
1875	1875
1885	1885
1887	1887
1671	1671
1669	1669
1667	1667
1661	1661
166	166
1657	1657
1656	1656
1677	1677
1682	1682
1685	1685
1691	1691
1692	1692
1693	1693
1639	1639
1636	1636
1635	1635
164	164
1627	1627
1623	1623
1621	1621
1697	1697
1640	1640
1644	1644
1646	1646
1647	1647
1649	1649
1652	1652
1742	1742
1736	1736
1734	1734
1733	1733
1751	1751
1752	1752
1754	1754
1755	1755
1756	1756
1759	1759
1760	1760
1761	1761
1765	1765
1705	1705
1713	1713
1712	1712
1711	1711
1710	1710
1708	1708
1707	1707
1701	1701
170	170
17	17
1928	1928
1717	1717
1718	1718
172	172
1728	1728
1729	1729
173	173
2132	2132
2131	2131
2129	2129
2127	2127
2125	2125
2120	2120
212	212
2117	2117
2114	2114
2112	2112
2135	2135
2144	2144
2147	2147
2148	2148
2149	2149
2150	2150
2153	2153
2154	2154
2088	2088
2097	2097
2086	2086
2085	2085
2083	2083
2082	2082
2078	2078
2098	2098
2099	2099
21	21
210	210
2102	2102
2107	2107
2108	2108
2210	2210
2206	2206
2205	2205
2215	2215
2196	2196
2194	2194
2218	2218
2222	2222
2223	2223
2225	2225
2226	2226
2229	2229
2231	2231
2233	2233
2165	2165
2159	2159
2178	2178
218	218
2180	2180
2183	2183
2187	2187
2188	2188
219	219
2191	2191
1980	1980
198	198
1979	1979
1984	1984
1971	1971
1965	1965
1963	1963
1987	1987
1996	1996
2	2
20	20
1936	1936
1946	1946
1945	1945
1941	1941
1933	1933
1930	1930
1948	1948
195	195
1952	1952
1957	1957
1958	1958
196	196
2053	2053
2051	2051
2049	2049
2047	2047
2036	2036
2058	2058
2061	2061
2063	2063
2064	2064
2066	2066
2070	2070
2071	2071
2073	2073
2004	2004
2005	2005
2013	2013
2018	2018
2026	2026
2029	2029
2033	2033
2035	2035
1210	1210
121	121
1208	1208
1204	1204
1212	1212
1214	1214
1217	1217
122	122
1226	1226
1173	1173
1172	1172
1168	1168
1165	1165
1163	1163
1161	1161
116	116
1158	1158
1185	1185
1188	1188
119	119
1289	1289
1282	1282
1273	1273
1269	1269
1268	1268
1291	1291
1292	1292
1294	1294
1299	1299
13	13
1300	1300
1302	1302
1303	1303
1305	1305
1246	1246
1244	1244
1240	1240
1249	1249
1236	1236
1233	1233
1252	1252
1255	1255
1263	1263
1050	1050
105	105
1048	1048
1047	1047
1044	1044
1042	1042
104	104
1039	1039
1037	1037
1035	1035
1058	1058
1066	1066
1067	1067
1069	1069
1016	1016
1015	1015
1010	1010
1018	1018
1003	1003
100	100
102	102
1022	1022
1023	1023
1025	1025
1028	1028
1033	1033
1129	1129
1137	1137
1135	1135
1133	1133
1138	1138
1127	1127
1125	1125
1124	1124
1122	1122
1121	1121
1139	1139
1141	1141
1142	1142
1144	1144
1145	1145
1147	1147
115	115
1150	1150
1153	1153
1154	1154
1155	1155
1074	1074
1078	1078
109	109
1306	1306
1093	1093
1095	1095
1098	1098
1106	1106
1108	1108
1110	1110
1111	1111
1114	1114
1116	1116
152	152
1519	1519
1517	1517
1521	1521
1510	1510
1509	1509
1503	1503
1522	1522
1529	1529
153	153
1539	1539
1471	1471
148	148
1476	1476
1474	1474
1463	1463
1462	1462
1487	1487
1488	1488
1490	1490
1590	1590
1600	1600
1595	1595
1591	1591
1602	1602
159	159
1582	1582
1606	1606
1607	1607
1611	1611
1618	1618
1560	1560
1559	1559
1557	1557
1548	1548
1542	1542
1566	1566
1577	1577
1580	1580
1350	1350
1359	1359
1355	1355
1354	1354
135	135
1363	1363
1364	1364
1367	1367
1370	1370
1376	1376
1314	1314
1321	1321
1317	1317
1316	1316
1315	1315
1313	1313
1310	1310
131	131
1307	1307
1332	1332
1338	1338
134	134
1340	1340
1341	1341
1426	1426
1437	1437
1436	1436
1430	1430
143	143
1429	1429
1423	1423
1422	1422
1421	1421
1418	1418
1417	1417
1443	1443
1450	1450
1452	1452
1456	1456
1458	1458
146	146
138	138
1384	1384
1388	1388
1392	1392
14	14
140	140
1411	1411
1412	1412
3051	3051
3062	3062
3060	3060
306	306
3058	3058
3053	3053
3045	3045
3043	3043
3042	3042
3069	3069
3070	3070
3074	3074
3078	3078
3079	3079
3080	3080
3009	3009
3007	3007
3003	3003
3001	3001
30	30
3024	3024
3027	3027
303	303
3036	3036
3039	3039
3040	3040
3133	3133
3131	3131
3130	3130
3125	3125
3121	3121
312	312
3136	3136
3138	3138
3145	3145
3146	3146
3147	3147
3149	3149
3093	3093
3087	3087
3	3
3102	3102
3103	3103
3108	3108
3109	3109
3111	3111
3117	3117
3118	3118
2900	2900
2899	2899
2898	2898
2897	2897
2895	2895
2893	2893
2891	2891
2904	2904
2908	2908
2920	2920
2921	2921
2922	2922
2923	2923
2866	2866
2865	2865
2861	2861
286	286
2855	2855
2852	2852
2874	2874
2875	2875
2876	2876
2877	2877
2878	2878
2885	2885
2886	2886
2972	2972
2979	2979
2977	2977
2969	2969
2966	2966
2983	2983
2986	2986
2987	2987
2989	2989
299	299
2995	2995
2934	2934
2940	2940
2939	2939
2935	2935
2942	2942
2930	2930
293	293
2928	2928
2927	2927
3150	3150
2950	2950
2952	2952
2953	2953
2958	2958
2959	2959
2960	2960
2961	2961
3362	3362
3360	3360
336	336
3364	3364
3354	3354
3366	3366
3369	3369
3370	3370
3376	3376
3380	3380
3320	3320
3316	3316
3315	3315
3314	3314
3313	3313
3310	3310
3382	3382
3333	3333
3334	3334
3336	3336
3343	3343
3345	3345
3439	3439
3438	3438
3433	3433
3432	3432
3440	3440
3427	3427
3422	3422
3420	3420
3419	3419
345	345
3455	3455
3456	3456
346	346
3460	3460
3390	3390
3398	3398
3394	3394
3385	3385
3383	3383
331	331
340	340
3403	3403
3404	3404
3410	3410
3411	3411
3412	3412
3213	3213
3212	3212
3210	3210
32	32
3199	3199
3194	3194
3217	3217
3219	3219
3225	3225
3226	3226
3230	3230
3162	3162
3172	3172
3167	3167
3165	3165
3163	3163
3160	3160
3157	3157
3154	3154
3180	3180
3183	3183
3185	3185
3189	3189
319	319
3191	3191
3280	3280
3290	3290
3289	3289
3287	3287
3285	3285
3283	3283
3281	3281
3291	3291
3279	3279
3278	3278
3294	3294
3296	3296
3299	3299
3300	3300
3301	3301
3305	3305
0	0
3239	3239
3240	3240
3241	3241
3242	3242
3244	3244
3245	3245
3246	3246
3247	3247
326	326
3266	3266
3267	3267
3269	3269
327	327
244	244
2448	2448
2447	2447
2443	2443
2439	2439
2438	2438
2431	2431
2450	2450
2451	2451
2454	2454
2456	2456
246	246
2460	2460
2461	2461
2463	2463
2401	2401
241	241
2406	2406
2413	2413
24	24
2398	2398
2394	2394
2417	2417
2423	2423
2427	2427
2429	2429
2519	2519
2518	2518
2517	2517
2514	2514
2510	2510
252	252
2508	2508
2500	2500
2522	2522
2523	2523
2526	2526
2528	2528
2535	2535
248	248
2484	2484
2471	2471
2470	2470
247	247
2469	2469
2393	2393
2485	2485
2492	2492
2494	2494
2497	2497
2499	2499
2294	2294
2293	2293
2288	2288
2278	2278
2276	2276
2273	2273
2296	2296
23	23
2301	2301
2302	2302
2305	2305
2306	2306
2308	2308
2309	2309
2250	2250
2248	2248
2247	2247
2245	2245
224	224
2239	2239
2238	2238
2236	2236
2310	2310
2255	2255
2259	2259
2260	2260
2263	2263
2264	2264
2265	2265
2269	2269
2270	2270
2374	2374
2372	2372
2371	2371
2369	2369
2365	2365
2375	2375
2363	2363
2360	2360
236	236
2359	2359
2357	2357
2355	2355
238	238
2380	2380
2382	2382
2383	2383
2386	2386
2388	2388
2334	2334
2312	2312
2313	2313
2326	2326
2327	2327
2328	2328
2330	2330
2331	2331
2333	2333
2537	2537
2336	2336
2338	2338
234	234
2341	2341
2342	2342
2344	2344
2348	2348
2353	2353
2745	2745
274	274
2736	2736
273	273
2749	2749
275	275
2756	2756
2757	2757
2758	2758
2760	2760
2767	2767
2705	2705
270	270
2698	2698
2697	2697
2696	2696
2695	2695
2694	2694
2692	2692
2768	2768
271	271
2710	2710
2712	2712
2715	2715
2717	2717
2719	2719
272	272
2720	2720
2728	2728
282	282
2819	2819
2817	2817
2816	2816
2805	2805
2825	2825
283	283
2831	2831
284	284
2841	2841
2778	2778
2786	2786
2785	2785
2784	2784
2782	2782
2775	2775
2773	2773
2770	2770
2769	2769
2691	2691
2789	2789
2794	2794
2797	2797
28	28
2804	2804
258	258
2588	2588
2584	2584
2581	2581
2590	2590
2572	2572
2594	2594
2595	2595
26	26
2600	2600
2604	2604
2607	2607
2546	2546
2552	2552
2551	2551
2550	2550
2547	2547
2539	2539
2608	2608
2557	2557
2558	2558
2559	2559
2569	2569
2670	2670
2663	2663
2660	2660
2659	2659
2658	2658
2675	2675
2678	2678
2681	2681
2682	2682
2683	2683
2686	2686
2688	2688
269	269
2629	2629
2609	2609
2613	2613
2615	2615
262	262
2622	2622
2626	2626
2627	2627
2628	2628
263	263
2636	2636
2637	2637
264	264
2640	2640
2644	2644
2649	2649
265	265
2654	2654
