id:int64
596
1719
285
715
295
147
2140
755
499
892
2025
983
975
457
679
629
1447
161
3006
2828
1637
3005
1420
1485
63
3764
3830
3178
535
1518
1508
2580
2213
2495
4555
2482
2481
461
2639
2462
5
2779
178
2857
4035
2679
1953
2023
2750
2748
2740
2729
194
341
944
363
968
775
778
782
1132
917
3603
1087
916
1099
1103
1189
3220
716
1327
745
732
4477
3535
3539
4235
3534
4241
3528
4244
4147
4139
4151
4117
4175
3466
4181
4188
4482
4163
417
4170
4378
4382
4376
4363
437
4374
4438
4413
4420
4432
4398
3498
4442
3496
3495
3494
4404
4464
3516
4296
3515
4305
4462
4460
4276
3519
4289
4344
3508
4329
4332
3821
364
3638
3635
3831
3805
3801
3633
3808
3813
3621
3865
3878
3880
3839
3849
3854
3725
3742
3700
3698
3703
3704
371
3694
3717
3781
3668
3666
3677
3756
3673
4030
4038
3580
4059
4000
4012
4018
3566
4095
4100
4109
4066
407
4077
4083
4084
4085
3884
3887
3613
3891
3900
3903
3977
399
3993
3950
3951
3952
572
571
593
595
605
549
54
648
645
67
675
62
632
643
5154
5149
5138
5157
516
5168
5103
5120
5125
5130
5221
5220
522
5225
5212
5233
5234
5236
5241
5174
519
52
520
5200
5202
895
886
911
913
858
854
868
873
880
96
959
955
985
989
996
946
948
950
743
742
741
74
733
730
729
750
758
760
764
824
811
805
835
836
837
787
777
786
5102
796
798
8
801
802
4703
4707
4717
472
4720
4728
4672
4671
4669
4661
4660
4677
4681
4687
4688
4693
4786
4784
4780
4778
4795
4809
4734
4738
4757
4763
4764
4768
4558
4552
4549
4559
4544
4562
4567
4521
4500
4498
4528
4535
4536
4537
4628
4620
462
4619
4638
4639
4640
4651
4595
4588
4600
4604
4610
5011
5018
502
5023
5026
4973
4971
497
4963
5081
508
5090
5030
5037
5045
5049
5062
4854
486
4858
4850
485
4847
4869
4870
4877
4827
4824
4823
4822
4828
4815
4812
4834
4835
4837
4841
4927
4934
4939
4916
4899
4889
490
4902
4903
4906
4908
4909
1820
1823
1808
1806
1786
1782
1778
1787
1772
1847
1788
1791
1803
1909
191
1910
1856
1864
1851
185
1875
1885
1887
1669
1667
1661
166
1657
1677
1639
1636
1635
164
1627
1623
1621
1646
1652
1745
1742
1733
1751
1752
1756
1759
1760
1761
1765
1705
1712
1711
1710
1708
1707
170
1928
1717
173
2131
2129
2127
2117
2114
2135
2147
2150
2088
2097
2083
2078
21
2102
2210
2206
2215
2196
2194
2222
2223
2231
2165
218
2180
2183
2187
1980
1979
1971
1987
20
1936
1946
1945
1941
1947
1933
1930
1948
195
1952
1957
1958
2047
2036
2063
2004
2005
2018
2026
2033
1210
121
1208
1212
1214
1168
1161
116
1158
1188
1289
1292
1294
1303
1246
1263
1050
105
1048
1047
1042
1039
1037
1035
1058
1016
1010
1003
1022
1025
1028
1033
1129
1137
1135
1133
1138
1124
1139
1141
1142
1144
115
1154
1155
109
1306
1095
1098
1106
1111
1114
1510
1529
153
1476
1487
1488
1590
1595
1591
1602
1582
1607
1611
1548
1542
1577
1580
1359
1363
1367
1370
1314
1317
1316
1307
1332
1437
1436
1430
1429
1423
146
138
1388
14
3060
306
3063
3043
3075
3080
3003
3001
3024
3027
3040
3125
3138
3147
3149
3093
3087
3103
3109
3111
3117
3118
2900
2899
2893
2891
2917
2920
2921
2922
2865
2861
286
2855
2852
2874
2875
2877
2886
2966
2983
2934
2935
2942
293
2928
2952
2953
2958
2959
3360
3364
3366
3370
3376
3320
3314
3310
3333
3336
3343
3439
3432
3440
3427
3422
3419
3456
346
3390
3398
3394
331
3410
3412
3213
3212
3210
3199
3217
3219
3225
3162
3165
3156
3154
3180
3189
319
3191
3280
3290
3287
3285
3283
3279
3278
3301
3305
3240
3241
3242
3244
3246
3247
326
3266
3267
3269
244
2447
2439
2454
2461
241
2406
24
2398
2394
2423
2429
252
2522
2528
248
2478
2484
2470
247
2469
2393
2485
2294
2293
2288
2278
2296
23
2305
2306
2308
2309
2247
2239
2238
2259
2260
2263
2264
2269
2270
2371
2365
2375
2360
2359
2357
238
2382
2312
2313
2326
2537
2338
2341
2342
2344
2353
2745
2736
2756
2757
2758
2760
2705
271
2710
2712
2717
2719
272
2720
282
2817
2805
2825
2841
2784
2773
2769
2691
2794
2796
2797
258
2584
2581
2590
2572
2594
26
2604
2607
2546
2551
2550
2547
2539
2608
2559
2569
2660
2659
2681
2682
2686
2688
2629
2609
2613
2628
263
2636
264
2640
2649
