src_id:int64	dst_id:int64	weight:double
3523	4771	1.0
3523	4269	1.0
3523	4015	1.0
3523	4530	1.0
3523	3636	1.0
3523	3764	1.0
3523	3900	1.0
3523	4157	1.0
3523	4158	1.0
3523	4946	1.0
3523	3686	1.0
3523	3960	1.0
3523	3834	1.0
4153	4233	1.0
4153	5148	1.0
4153	4408	1.0
4153	4282	1.0
4153	5056	1.0
4153	4681	1.0
4153	4167	1.0
4153	4553	1.0
4153	4601	1.0
4153	4324	1.0
4153	4981	1.0
3490	4490	1.0
3490	4935	1.0
3490	4910	1.0
3490	4913	1.0
3490	3527	1.0
3490	3530	1.0
3490	3531	1.0
3490	5207	1.0
3490	3683	1.0
3490	3577	1.0
3796	4131	1.0
3796	5029	1.0
3796	4140	1.0
3796	5066	1.0
3796	3859	1.0
984	1313	1.0
984	4421	1.0
984	1670	1.0
984	1800	1.0
984	4138	1.0
984	1739	1.0
984	4494	1.0
984	3989	1.0
984	3575	1.0
984	3994	1.0
706	1283	1.0
706	3075	1.0
706	3477	1.0
706	3480	1.0
706	1308	1.0
706	4936	1.0
706	2803	1.0
706	954	1.0
706	4674	1.0
706	4937	1.0
706	3021	1.0
706	3794	1.0
706	3675	1.0
706	4960	1.0
706	2916	1.0
706	3061	1.0
706	3063	1.0
706	3963	1.0
721	5006	1.0
721	2575	1.0
721	1309	1.0
721	752	1.0
721	3115	1.0
721	2479	1.0
721	4404	1.0
721	1464	1.0
721	2868	1.0
721	1351	1.0
721	3791	1.0
721	2936	1.0
721	724	1.0
721	1882	1.0
721	2399	1.0
721	746	1.0
721	2928	1.0
721	4088	1.0
4804	5177	1.0
4542	4570	1.0
4542	4583	1.0
1629	5051	1.0
1629	1836	1.0
1629	4995	1.0
1629	4533	1.0
1629	3928	1.0
1629	1947	1.0
1629	1695	1.0
2211	4580	1.0
2211	4695	1.0
2211	3426	1.0
2211	2578	1.0
2211	3690	1.0
22	521	1.0
22	394	1.0
22	2955	1.0
22	2956	1.0
22	2059	1.0
22	1298	1.0
22	1555	1.0
22	3097	1.0
22	2846	1.0
22	1951	1.0
22	4771	1.0
22	1060	1.0
22	4269	1.0
22	2862	1.0
22	4015	1.0
22	4530	1.0
22	1331	1.0
22	3636	1.0
22	3764	1.0
22	3900	1.0
22	2493	1.0
22	4158	1.0
22	3007	1.0
22	1475	1.0
22	3523	1.0
22	977	1.0
22	4946	1.0
22	2905	1.0
22	474	1.0
22	1502	1.0
22	1893	1.0
22	3686	1.0
22	2539	1.0
22	494	1.0
22	4157	1.0
22	1782	1.0
22	3960	1.0
22	1983	1.0
22	895	1.0
1974	2820	1.0
1974	2565	1.0
1974	2178	1.0
1974	4233	1.0
1974	3778	1.0
1974	2606	1.0
1974	5148	1.0
1974	3044	1.0
1974	2721	1.0
1974	2465	1.0
1974	4553	1.0
1974	3494	1.0
1974	3501	1.0
1974	2867	1.0
1974	3892	1.0
1974	4153	1.0
1974	4408	1.0
1974	2489	1.0
1974	4282	1.0
1974	3771	1.0
1974	4981	1.0
1974	5056	1.0
1974	2242	1.0
1974	2499	1.0
1974	4167	1.0
1974	4681	1.0
1974	3402	1.0
1974	2901	1.0
1974	2553	1.0
1974	4058	1.0
1974	4188	1.0
1974	3258	1.0
1974	2277	1.0
1974	4324	1.0
1974	3238	1.0
1974	4533	1.0
1974	3957	1.0
1974	4601	1.0
1029	4960	1.0
1029	4674	1.0
1029	3075	1.0
1029	4937	1.0
1029	3021	1.0
1029	3675	1.0
1029	4936	1.0
1029	3794	1.0
1029	2803	1.0
1029	3061	1.0
1029	3063	1.0
1029	3480	1.0
1029	2916	1.0
1029	3963	1.0
1029	1308	1.0
1526	2560	1.0
1526	4490	1.0
1526	1562	1.0
1526	2799	1.0
1526	3490	1.0
1526	4935	1.0
1526	4910	1.0
1526	4913	1.0
1526	1714	1.0
1526	3527	1.0
1526	3530	1.0
1526	3531	1.0
1526	2764	1.0
1526	5207	1.0
1526	2656	1.0
1526	3683	1.0
1526	2917	1.0
1526	2668	1.0
1526	3577	1.0
1526	1915	1.0
1555	2955	1.0
1555	2956	1.0
1555	2059	1.0
1555	3523	1.0
1555	2846	1.0
1555	1951	1.0
1555	4771	1.0
1555	4269	1.0
1555	4015	1.0
1555	4530	1.0
1555	3636	1.0
1555	3764	1.0
1555	3900	1.0
1555	4157	1.0
1555	4158	1.0
1555	3007	1.0
1555	4946	1.0
1555	2905	1.0
1555	1893	1.0
1555	3686	1.0
1555	2539	1.0
1555	2493	1.0
1555	3960	1.0
1555	1983	1.0
1415	3608	1.0
1415	4583	1.0
1415	2824	1.0
1415	1673	1.0
1415	3735	1.0
1415	3792	1.0
1415	3512	1.0
3055	5059	1.0
3055	4178	1.0
3055	4403	1.0
3055	4533	1.0
3055	4009	1.0
3055	5051	1.0
304	3076	1.0
304	1189	1.0
304	2598	1.0
304	1227	1.0
304	4940	1.0
304	4791	1.0
304	1624	1.0
304	4826	1.0
304	4987	1.0
304	2714	1.0
2997	3755	1.0
2997	5196	1.0
2997	3437	1.0
2997	4943	1.0
2997	4435	1.0
2997	4885	1.0
2997	4762	1.0
3450	4610	1.0
3450	3859	1.0
3450	4884	1.0
3450	4131	1.0
3450	5029	1.0
3450	4140	1.0
3450	5066	1.0
3450	4836	1.0
3450	3690	1.0
3450	4206	1.0
3237	4488	1.0
3237	3273	1.0
3237	4022	1.0
3237	4409	1.0
3237	4510	1.0
2465	2820	1.0
2465	2822	1.0
2465	4233	1.0
2465	3778	1.0
2465	5148	1.0
2465	3044	1.0
2465	3501	1.0
2465	2867	1.0
2465	3892	1.0
2465	4153	1.0
2465	4408	1.0
2465	2489	1.0
2465	4282	1.0
2465	3771	1.0
2465	4981	1.0
2465	5056	1.0
2465	4681	1.0
2465	4167	1.0
2465	4553	1.0
2465	4023	1.0
2465	4188	1.0
2465	2901	1.0
2465	4601	1.0
2465	4058	1.0
2465	3238	1.0
2465	4324	1.0
2465	3494	1.0
2465	5237	1.0
2465	2553	1.0
2465	4019	1.0
2489	3778	1.0
2489	5148	1.0
2489	3746	1.0
2489	5027	1.0
2489	3501	1.0
2489	2867	1.0
2489	3892	1.0
2489	4233	1.0
2489	4408	1.0
2489	4153	1.0
2489	4282	1.0
2489	5056	1.0
2489	4681	1.0
2489	4167	1.0
2489	4553	1.0
2489	4023	1.0
2489	2901	1.0
2489	4601	1.0
2489	4058	1.0
2489	3044	1.0
2489	3494	1.0
2489	4981	1.0
2489	2553	1.0
237	3746	1.0
237	3268	1.0
237	4614	1.0
237	1585	1.0
237	4233	1.0
237	682	1.0
237	558	1.0
237	2673	1.0
237	600	1.0
237	3780	1.0
237	3771	1.0
237	2589	1.0
2809	4580	1.0
2809	3690	1.0
2809	4695	1.0
2809	4282	1.0
2556	3907	1.0
2556	3867	1.0
2556	4184	1.0
2556	4570	1.0
2556	4413	1.0
2556	4479	1.0
2560	4490	1.0
2560	2799	1.0
2560	4935	1.0
2560	4910	1.0
2560	4913	1.0
2560	3527	1.0
2560	3530	1.0
2560	3531	1.0
2560	2764	1.0
2560	5207	1.0
2560	2917	1.0
2560	2668	1.0
2560	3577	1.0
