src_id:int64	dst_id:int64	weight:double
4408	5056	1.0
4408	4681	1.0
4408	4553	1.0
4408	4601	1.0
4408	4981	1.0
4324	5148	1.0
4324	4681	1.0
4324	4408	1.0
4324	5056	1.0
4324	4553	1.0
4324	4700	1.0
4324	4981	1.0
4324	4601	1.0
3686	4493	1.0
3686	4269	1.0
3686	4158	1.0
3686	4460	1.0
3686	3960	1.0
3686	3834	1.0
394	521	1.0
394	2955	1.0
394	2956	1.0
394	2059	1.0
394	1555	1.0
394	2846	1.0
394	1951	1.0
394	4771	1.0
394	1060	1.0
394	4269	1.0
394	2862	1.0
394	4015	1.0
394	4530	1.0
394	1331	1.0
394	3764	1.0
394	3255	1.0
394	3636	1.0
394	3900	1.0
394	2493	1.0
394	4158	1.0
394	3007	1.0
394	1475	1.0
394	3523	1.0
394	977	1.0
394	2905	1.0
394	474	1.0
394	1502	1.0
394	1893	1.0
394	3686	1.0
394	2539	1.0
394	494	1.0
394	4157	1.0
394	3960	1.0
394	3834	1.0
394	1983	1.0
394	895	1.0
932	2822	1.0
932	3778	1.0
932	1813	1.0
932	5148	1.0
932	2465	1.0
932	3494	1.0
932	3501	1.0
932	2867	1.0
932	3892	1.0
932	1974	1.0
932	4023	1.0
932	4408	1.0
932	4153	1.0
932	4282	1.0
932	5056	1.0
932	2242	1.0
932	4601	1.0
932	1605	1.0
932	4167	1.0
932	1352	1.0
932	4681	1.0
932	2901	1.0
932	2489	1.0
932	3620	1.0
932	4058	1.0
932	3044	1.0
932	2277	1.0
932	4981	1.0
932	1270	1.0
932	2553	1.0
751	1410	1.0
751	4490	1.0
751	1042	1.0
751	1562	1.0
751	3490	1.0
751	4935	1.0
751	1324	1.0
751	4910	1.0
751	1714	1.0
751	1334	1.0
751	3527	1.0
751	3530	1.0
751	3531	1.0
751	2764	1.0
751	5207	1.0
751	2656	1.0
751	3683	1.0
751	2917	1.0
751	998	1.0
751	2668	1.0
751	2799	1.0
751	755	1.0
751	757	1.0
751	1526	1.0
751	3577	1.0
751	1915	1.0
757	2560	1.0
757	1410	1.0
757	4490	1.0
757	1042	1.0
757	1562	1.0
757	2799	1.0
757	3490	1.0
757	4935	1.0
757	4910	1.0
757	4913	1.0
757	1714	1.0
757	1334	1.0
757	3527	1.0
757	3530	1.0
757	3531	1.0
757	5207	1.0
757	2656	1.0
757	3683	1.0
757	2917	1.0
757	998	1.0
757	2668	1.0
757	1526	1.0
757	3577	1.0
757	1915	1.0
757	1277	1.0
4553	4752	1.0
4553	5155	1.0
4553	5148	1.0
4553	5047	1.0
4553	5056	1.0
4553	4681	1.0
4553	5094	1.0
4553	4712	1.0
4553	4981	1.0
4553	4601	1.0
4553	4733	1.0
1673	3939	1.0
1673	3608	1.0
1673	2824	1.0
1673	4583	1.0
1673	3596	1.0
1673	3792	1.0
1673	3512	1.0
1673	4542	1.0
1351	5006	1.0
1351	2575	1.0
1351	4241	1.0
1351	2479	1.0
1351	3115	1.0
1351	4404	1.0
1351	3765	1.0
1351	1464	1.0
1351	2399	1.0
1351	3791	1.0
1351	1882	1.0
1351	3679	1.0
1351	2928	1.0
1351	2936	1.0
1351	4088	1.0
1324	2560	1.0
1324	4490	1.0
1324	1562	1.0
1324	2799	1.0
1324	3490	1.0
1324	4910	1.0
1324	4913	1.0
1324	1714	1.0
1324	1334	1.0
1324	3527	1.0
1324	3530	1.0
1324	3531	1.0
1324	2764	1.0
1324	5207	1.0
1324	2656	1.0
1324	3683	1.0
1324	2668	1.0
1324	1526	1.0
1324	3577	1.0
1324	1915	1.0
3063	4674	1.0
3063	3477	1.0
3063	3480	1.0
3063	4936	1.0
3063	4937	1.0
3063	3794	1.0
3063	3675	1.0
3063	4960	1.0
3063	3963	1.0
3075	4960	1.0
3075	3675	1.0
3075	4937	1.0
3075	4936	1.0
3075	3794	1.0
3075	4674	1.0
3075	3480	1.0
3075	3963	1.0
3075	3477	1.0
2868	3971	1.0
2868	3115	1.0
2868	5006	1.0
2868	4241	1.0
2868	4088	1.0
2868	4404	1.0
2668	4490	1.0
2668	2799	1.0
2668	3490	1.0
2668	4935	1.0
2668	4910	1.0
2668	4913	1.0
2668	3527	1.0
2668	3530	1.0
2668	2764	1.0
2668	5207	1.0
2668	3683	1.0
2668	2917	1.0
2668	3577	1.0
