id:int64	partition-id:int64
598	0
676	0
845	0
2867	0
2901	0
4058	0
4282	0
5148	0
1375	0
1833	0
1874	0
3309	0
3346	0
3946	0
4969	0
680	0
966	0
1969	0
2031	0
3273	0
4409	0
4510	0
2916	0
3021	0
3061	0
3477	0
4674	0
855	0
1467	0
2321	0
2358	0
5189	0
1021	0
1199	0
1258	0
2076	0
4131	0
2618	0
2619	0
3913	0
4323	0
5142	0
431	0
569	0
2479	0
3115	0
4088	0
589	0
1662	0
2045	0
2339	0
2350	0
1502	0
2493	0
2955	0
3255	0
4015	0
1565	0
2123	0
3332	0
4691	0
491	0
1396	0
3755	0
4943	0
1277	0
1714	0
3531	0
4910	0
554	0
1149	0
2119	0
2616	0
2267	0
3867	0
3907	0
4479	0
2761	0
3252	0
4461	0
4737	0
226	0
1575	0
2883	0
3188	0
3660	0
4048	0
4105	0
4422	0
409	0
1455	0
2577	0
2965	0
2138	0
2202	0
3761	0
4513	0
127	0
1598	0
2632	0
58	0
214	0
3792	0
37	0
3414	0
3452	0
92	0
2949	0
3434	0
2139	0
2667	0
3767	0
206	0
2079	0
4402	0
2116	0
3098	0
3650	0
261	0
636	0
3202	0
34	0
1427	0
3307	0
3659	0
3901	0
4125	0
379	0
1877	0
4207	0
2598	0
3076	0
3984	0
3629	0
4448	0
4597	0
2926	0
3542	0
4275	0
1702	0
1897	0
1982	0
287	0
1838	0
3732	0
1694	0
3457	0
4642	0
36	0
3421	0
4518	0
1689	0
1816	0
3774	0
1670	0
3196	0
4138	0
388	0
1654	0
3997	0
3347	0
4041	0
4923	0
1871	0
1973	0
2390	0
1101	0
3469	0
3749	0
493	0
1425	0
3318	0
532	0
3954	0
4999	0
1248	0
1686	0
4319	0
3549	0
3958	0
4581	0
2702	0
2851	0
3323	0
155	0
427	0
1369	0
4178	0
5051	0
5059	0
909	0
2844	0
4437	0
338	0
3014	0
3429	0
685	0
2571	0
4076	0
1009	0
1553	0
4701	0
4635	0
4739	0
4740	0
1012	0
1940	0
3197	0
317	0
819	0
2352	0
1036	0
1552	0
2879	0
668	0
737	0
1505	0
2329	0
3034	0
4350	0
240	0
433	0
2836	0
677	0
5127	0
5140	0
229	0
941	0
4150	0
318	0
3965	0
4476	0
709	0
2980	0
4441	0
702	0
884	0
3795	0
995	0
1615	0
2840	0
1578	0
4541	0
703	0
3478	0
1609	0
4748	0
3022	0
4618	0
3023	0
3707	0
1599	0
4680	0
1596	0
4459	0
3033	0
4396	0
1584	0
3927	0
1583	0
2403	0
305	0
1551	0
3052	0
4315	0
320	0
2996	0
53	0
1520	0
3181	0
3988	0
531	0
1254	0
1349	0
1469	0
292	0
3651	0
1461	0
4497	0
1645	0
4868	0
1684	0
3758	0
2951	0
3481	0
514	0
2409	0
168	0
4071	0
296	0
4659	0
1366	0
2060	0
3921	0
4626	0
1668	0
4338	0
1658	0
4797	0
391	0
3863	0
39	0
2262	0
3897	0
4729	0
5206	0
5213	0
1638	0
4970	0
1628	0
4237	0
397	0
3576	0
701	0
1451	0
3879	0
4592	0
3004	0
3609	0
3712	0
5098	0
1683	0
2142	0
6	0
2219	0
150	0
4210	0
141	0
4787	0
31	0
3029	0
3158	0
4254	0
374	0
1895	0
3798	0
3942	0
1495	0
2793	0
142	0
875	0
1431	0
2798	0
634	0
3013	0
1481	0
2349	0
3116	0
4302	0
1448	0
1449	0
1457	0
4613	0
3783	0
5095	0
1473	0
3720	0
3782	0
4340	0
538	0
2542	0
3064	0
4053	0
542	0
696	0
546	0
4866	0
673	0
1807	0
1389	0
5087	0
3067	0
4641	0
1546	0
4252	0
1544	0
5197	0
1541	0
3906	0
1393	0
2021	0
1533	0
5033	0
3081	0
5004	0
566	0
2743	0
1524	0
3886	0
3170	0
4274	0
574	0
2084	0
578	0
651	0
66	0
1535	0
580	0
770	0
585	0
1432	0
2534	0
3775	0
2579	0
3486	0
2118	0
4833	0
213	0
561	0
2143	0
4141	0
4317	0
4790	0
432	0
3293	0
4331	0
5097	0
475	0
4930	0
217	0
1489	0
2173	0
2314	0
2525	0
2777	0
2186	0
3384	0
2506	0
3012	0
2207	0
2648	0
221	0
1839	0
2068	0
5084	0
2635	0
3718	0
2630	0
4220	0
2625	0
2713	0
48	0
3454	0
424	0
3804	0
2220	0
3192	0
2602	0
2973	0
2080	0
3152	0
426	0
2324	0
477	0
599	0
2096	0
3470	0
259	0
1280	0
4277	0
4389	0
2396	0
5186	0
2424	0
3492	0
4548	0
4989	0
2316	0
4905	0
2317	0
5040	0
447	0
3059	0
2289	0
4160	0
239	0
4411	0
235	0
689	0
2354	0
4335	0
449	0
4997	0
2366	0
4240	0
450	0
690	0
45	0
1057	0
2373	0
2909	0
2253	0
5145	0
2486	0
3844	0
223	0
2361	0
2244	0
3511	0
44	0
4047	0
2464	0
3073	0
2274	0
3940	0
2275	0
4123	0
2445	0
4231	0
2284	0
3902	0
2285	0
3569	0
443	0
2433	0
1841	0
2434	0
2821	0
2830	0
4055	0
4060	0
4062	0
4636	0
4065	0
4485	0
183	0
1395	0
1837	0
4507	0
4044	0
5042	0
4081	0
4523	0
2791	0
4263	0
187	0
3639	0
1870	0
4807	0
4968	0
5198	0
1878	0
1991	0
3979	0
4155	0
3981	0
4011	0
40	0
3016	0
4006	0
4721	0
1763	0
2134	0
1764	0
2415	0
4014	0
5223	0
2864	0
4715	0
1879	0
2037	0
1779	0
2105	0
1789	0
2633	0
1792	0
2725	0
4039	0
4891	0
2000	0
2563	0
4165	0
4765	0
27	0
3071	0
4182	0
5036	0
4856	0
5182	0
1995	0
3714	0
2002	0
4512	0
2671	0
5032	0
2652	0
4647	0
2651	0
3047	0
2647	0
4257	0
1913	0
3999	0
412	0
2081	0
2759	0
2919	0
2752	0
3807	0
2751	0
4606	0
492	0
5188	0
1935	0
4502	0
2721	0
3402	0
1063	0
4318	0
3626	0
4424	0
799	0
3461	0
80	0
4287	0
3409	0
4664	0
3288	0
3473	0
3510	0
5147	0
1061	0
2199	0
1062	0
3898	0
939	0
4072	0
807	0
1597	0
3295	0
4838	0
81	0
1241	0
3615	0
4295	0
330	0
3888	0
3612	0
3648	0
3518	0
3731	0
818	0
1453	0
1073	0
3008	0
972	0
5137	0
970	0
2198	0
367	0
401	0
749	0
1404	0
967	0
1796	0
1034	0
1774	0
3249	0
4042	0
1284	0
3164	0
3658	0
3968	0
766	0
2391	0
771	0
4056	0
957	0
3601	0
1266	0
1814	0
1259	0
5071	0
3372	0
4310	0
1180	0
3691	0
849	0
3463	0
85	0
1182	0
1117	0
4860	0
851	0
1215	0
904	0
3282	0
853	0
2994	0
3373	0
4775	0
1115	0
4173	0
3548	0
4143	0
863	0
4901	0
1159	0
3931	0
1157	0
4684	0
3350	0
3809	0
1152	0
3579	0
1140	0
1225	0
927	0
3175	0
1081	0
1285	0
826	0
878	0
3602	0
4929	0
1084	0
1086	0
921	0
993	0
1092	0
1407	0
12	0
89	0
71	0
277	0
3324	0
4092	0
1109	0
4745	0
3326	0
3875	0
1187	0
3949	0
1333	0
5019	0
1326	0
2370	0
997	0
1107	0
3208	0
3529	0
739	0
2516	0
1017	0
4853	0
3221	0
3233	0
990	0
3227	0
727	0
2631	0
3680	0
4755	0
719	0
4662	0
4195	0
4215	0
4216	0
4196	0
4478	0
4475	0
354	0
4194	0
3536	0
4219	0
422	0
4221	0
4193	0
4222	0
3522	0
4223	0
4480	0
4204	0
4199	0
448	0
42	0
420	0
4200	0
3467	0
4201	0
4202	0
4203	0
4197	0
4208	0
4198	0
4481	0
4212	0
4213	0
4214	0
4256	0
4470	0
3526	0
3471	0
4248	0
4249	0
425	0
3525	0
4250	0
4253	0
4255	0
4245	0
4258	0
3472	0
4469	0
4259	0
3474	0
4260	0
3475	0
4264	0
4225	0
4226	0
4227	0
4228	0
423	0
347	0
4232	0
3532	0
4234	0
4224	0
4236	0
4472	0
4238	0
353	0
4239	0
4471	0
4242	0
4133	0
4134	0
4135	0
4136	0
3554	0
414	0
4140	0
4142	0
4144	0
4145	0
4146	0
4132	0
4148	0
3553	0
4149	0
415	0
3550	0
3465	0
3547	0
4152	0
3560	0
3488	0
3563	0
4118	0
3464	0
3562	0
4120	0
4121	0
4122	0
4124	0
4126	0
3561	0
356	0
3559	0
4495	0
4128	0
3558	0
4129	0
3557	0
413	0
4130	0
3541	0
4489	0
4177	0
4179	0
4487	0
4183	0
4174	0
4483	0
4186	0
4187	0
4189	0
4190	0
4191	0
3540	0
3546	0
4156	0
4159	0
416	0
4161	0
4491	0
4162	0
4192	0
4164	0
3545	0
4166	0
4168	0
4169	0
3543	0
4171	0
4172	0
350	0
3502	0
4379	0
438	0
3484	0
4447	0
3500	0
4383	0
4384	0
4385	0
4446	0
35	0
4387	0
439	0
4390	0
4391	0
4392	0
4393	0
4369	0
4359	0
4360	0
4364	0
4365	0
4450	0
4366	0
4367	0
4368	0
4397	0
4449	0
3506	0
4370	0
3505	0
4371	0
4372	0
3504	0
3503	0
4375	0
3483	0
442	0
4414	0
4415	0
4416	0
4417	0
4418	0
4419	0
441	0
3487	0
4423	0
4431	0
4427	0
4428	0
349	0
3489	0
4430	0
4440	0
3499	0
4444	0
4443	0
440	0
4400	0
4401	0
4357	0
444	0
4405	0
4406	0
3491	0
4300	0
4290	0
4293	0
4294	0
4297	0
4298	0
4299	0
430	0
429	0
4301	0
4303	0
4306	0
4307	0
4308	0
4309	0
4279	0
4265	0
4266	0
4267	0
4268	0
4271	0
4272	0
3521	0
3520	0
352	0
4278	0
3514	0
428	0
4466	0
4281	0
4285	0
4286	0
3517	0
4288	0
4452	0
4337	0
4339	0
4341	0
4454	0
3482	0
4342	0
4343	0
4345	0
4346	0
4453	0
4336	0
4348	0
4349	0
4351	0
4352	0
4451	0
4353	0
4354	0
4355	0
4356	0
3513	0
4313	0
4314	0
4316	0
4320	0
4322	0
4467	0
4325	0
4327	0
4328	0
4330	0
351	0
348	0
4333	0
3645	0
3818	0
3819	0
3820	0
3644	0
3643	0
3824	0
3642	0
3826	0
3817	0
3640	0
3828	0
3829	0
383	0
3637	0
3832	0
3634	0
3833	0
3797	0
3657	0
3656	0
3799	0
38	0
3800	0
3654	0
3802	0
3653	0
3803	0
3652	0
365	0
3806	0
381	0
3649	0
3810	0
3811	0
3814	0
3815	0
362	0
3622	0
3857	0
3858	0
386	0
3860	0
3861	0
3862	0
3864	0
3620	0
3866	0
3868	0
3869	0
387	0
3871	0
3872	0
3874	0
3619	0
3876	0
3618	0
3617	0
3881	0
3631	0
3835	0
3836	0
3630	0
3838	0
3628	0
3627	0
384	0
3840	0
3841	0
3842	0
3843	0
3624	0
3847	0
3848	0
385	0
3851	0
3853	0
3856	0
3734	0
3721	0
3687	0
3723	0
3726	0
3685	0
3728	0
373	0
3730	0
3733	0
3688	0
3736	0
3737	0
3682	0
3739	0
3681	0
3740	0
3741	0
368	0
3743	0
3744	0
3695	0
370	0
3699	0
3696	0
3705	0
3706	0
3708	0
3709	0
3710	0
3745	0
3711	0
3713	0
3715	0
3716	0
3692	0
3719	0
369	0
3689	0
372	0
3785	0
3776	0
3777	0
3779	0
3669	0
3780	0
3784	0
3772	0
3786	0
3664	0
3663	0
3662	0
3790	0
3793	0
3674	0
3746	0
3747	0
3748	0
3750	0
3754	0
3757	0
3882	0
376	0
3672	0
3765	0
3766	0
3671	0
3769	0
3670	0
377	0
3770	0
3581	0
3583	0
3582	0
4031	0
4032	0
4034	0
4036	0
4037	0
404	0
4040	0
4028	0
4046	0
4049	0
405	0
4051	0
4054	0
358	0
4057	0
406	0
4061	0
3578	0
4017	0
400	0
4003	0
4005	0
4007	0
4008	0
3589	0
4010	0
4013	0
3587	0
4064	0
3586	0
402	0
3585	0
4021	0
3584	0
4024	0
4025	0
4026	0
4093	0
4096	0
4097	0
4098	0
4099	0
41	0
3570	0
3568	0
410	0
3567	0
4090	0
4101	0
4102	0
4103	0
4104	0
4106	0
4110	0
4111	0
4112	0
4067	0
4068	0
4069	0
4070	0
4074	0
4075	0
3574	0
4	0
4079	0
408	0
4080	0
3573	0
3572	0
3571	0
4086	0
4087	0
4089	0
3929	0
3917	0
3918	0
3919	0
392	0
361	0
3920	0
3607	0
3922	0
3923	0
3924	0
3925	0
3926	0
3916	0
393	0
3606	0
3930	0
3604	0
3932	0
3933	0
3600	0
360	0
3934	0
3936	0
3937	0
3599	0
3899	0
3889	0
389	0
3890	0
3895	0
3896	0
3938	0
3611	0
390	0
3904	0
3905	0
3908	0
3909	0
3610	0
3910	0
3912	0
3914	0
3915	0
3983	0
3592	0
3970	0
3591	0
3976	0
3978	0
3980	0
3982	0
3985	0
3987	0
3990	0
3991	0
3995	0
359	0
3998	0
3953	0
3939	0
3941	0
3945	0
3947	0
3948	0
3598	0
3597	0
3955	0
3959	0
3961	0
3595	0
3966	0
3594	0
3967	0
3593	0
591	0
588	0
587	0
586	0
584	0
582	0
592	0
579	0
577	0
576	0
575	0
573	0
570	0
594	0
597	0
60	0
601	0
602	0
603	0
604	0
606	0
607	0
608	0
609	0
537	0
541	0
539	0
550	0
536	0
533	0
530	0
528	0
61	0
551	0
552	0
553	0
555	0
556	0
557	0
559	0
56	0
563	0
565	0
567	0
57	0
653	0
661	0
660	0
657	0
654	0
652	0
650	0
647	0
664	0
666	0
669	0
670	0
672	0
674	0
678	0
68	0
681	0
682	0
683	0
684	0
625	0
610	0
611	0
612	0
614	0
615	0
617	0
618	0
619	0
620	0
624	0
526	0
626	0
631	0
635	0
637	0
638	0
639	0
64	0
640	0
641	0
642	0
5144	0
5153	0
5152	0
5151	0
5150	0
515	0
5146	0
5143	0
5139	0
5136	0
5135	0
5134	0
5133	0
5156	0
5159	0
5160	0
5161	0
5162	0
5163	0
5164	0
5167	0
5169	0
511	0
5117	0
5116	0
5115	0
5114	0
5113	0
5111	0
5118	0
5109	0
5108	0
5106	0
5105	0
5104	0
517	0
5119	0
512	0
5122	0
5123	0
5124	0
5126	0
5128	0
513	0
5132	0
5215	0
5222	0
5218	0
5217	0
5211	0
5209	0
5204	0
5228	0
5229	0
5230	0
5232	0
5235	0
5238	0
5240	0
525	0
5170	0
5171	0
5172	0
5175	0
5176	0
5178	0
518	0
5181	0
5184	0
5185	0
686	0
5190	0
5191	0
5193	0
5194	0
5195	0
891	0
898	0
897	0
896	0
90	0
889	0
888	0
887	0
885	0
900	0
901	0
902	0
903	0
905	0
906	0
91	0
910	0
914	0
918	0
848	0
860	0
859	0
856	0
852	0
850	0
844	0
842	0
840	0
862	0
864	0
866	0
867	0
872	0
874	0
976	0
973	0
97	0
969	0
964	0
978	0
962	0
960	0
956	0
979	0
98	0
980	0
981	0
982	0
988	0
99	0
992	0
994	0
938	0
922	0
923	0
924	0
926	0
929	0
93	0
930	0
931	0
940	0
942	0
943	0
947	0
95	0
953	0
738	0
747	0
744	0
740	0
748	0
736	0
735	0
734	0
731	0
73	0
75	0
753	0
754	0
756	0
759	0
76	0
761	0
763	0
698	0
704	0
700	0
7	0
699	0
708	0
694	0
693	0
692	0
691	0
69	0
688	0
765	0
711	0
712	0
713	0
717	0
718	0
72	0
722	0
723	0
726	0
728	0
813	0
822	0
820	0
82	0
816	0
815	0
814	0
810	0
809	0
808	0
804	0
803	0
825	0
828	0
832	0
833	0
834	0
838	0
839	0
767	0
768	0
769	0
77	0
772	0
773	0
774	0
776	0
783	0
788	0
79	0
790	0
791	0
792	0
795	0
797	0
800	0
4709	0
4708	0
4706	0
4704	0
4702	0
470	0
47	0
4699	0
4697	0
4714	0
4722	0
4723	0
4724	0
4726	0
473	0
4665	0
4670	0
4667	0
4666	0
4663	0
466	0
4656	0
4655	0
4732	0
4676	0
4679	0
468	0
4683	0
4686	0
4689	0
469	0
4781	0
479	0
4789	0
4788	0
4782	0
4792	0
4772	0
4793	0
480	0
4801	0
4805	0
4808	0
481	0
4733	0
4736	0
4741	0
4743	0
4744	0
4749	0
4750	0
4653	0
4761	0
4766	0
4767	0
4770	0
4554	0
4550	0
455	0
4545	0
4539	0
4560	0
4561	0
4563	0
4564	0
4565	0
4566	0
4568	0
4569	0
4572	0
4573	0
4506	0
4520	0
452	0
4517	0
4515	0
4514	0
4505	0
4504	0
4503	0
4501	0
4499	0
4575	0
4524	0
4525	0
4527	0
4529	0
4531	0
4534	0
4622	0
4630	0
463	0
4625	0
4624	0
4632	0
4621	0
4617	0
4616	0
4615	0
4634	0
4646	0
4649	0
465	0
4576	0
4577	0
4582	0
4586	0
4590	0
4593	0
4811	0
4598	0
460	0
4602	0
4603	0
4605	0
4607	0
4608	0
4612	0
5002	0
5010	0
5009	0
5007	0
5003	0
5001	0
5000	0
50	0
4996	0
4995	0
4994	0
4993	0
5013	0
5014	0
5015	0
5016	0
5017	0
5022	0
5024	0
5025	0
4972	0
4967	0
4966	0
4976	0
4959	0
4977	0
4978	0
4979	0
498	0
4980	0
4982	0
4983	0
4984	0
4985	0
4992	0
5075	0
5080	0
5079	0
5078	0
5077	0
5074	0
5072	0
5070	0
507	0
5069	0
5068	0
5088	0
5089	0
509	0
5091	0
5092	0
5094	0
5096	0
51	0
5101	0
503	0
5034	0
5038	0
5043	0
5044	0
5046	0
5048	0
505	0
5054	0
5055	0
5057	0
5061	0
5063	0
5064	0
5065	0
4862	0
4861	0
4857	0
4855	0
4849	0
4867	0
487	0
4872	0
4873	0
4874	0
4875	0
4876	0
4878	0
4879	0
488	0
482	0
4825	0
4821	0
4817	0
4814	0
4813	0
4830	0
4832	0
4844	0
4845	0
4932	0
4931	0
4928	0
4926	0
4924	0
4922	0
4918	0
4917	0
4941	0
4944	0
4947	0
4949	0
495	0
4952	0
4953	0
4955	0
4882	0
4883	0
4886	0
4893	0
4896	0
4496	0
49	0
4900	0
4904	0
4907	0
4911	0
4914	0
1822	0
182	0
1819	0
1818	0
1817	0
1815	0
1811	0
1805	0
1824	0
1825	0
1826	0
1827	0
1828	0
1830	0
1835	0
184	0
1842	0
1843	0
1846	0
1776	0
1785	0
1784	0
1783	0
1781	0
1780	0
1773	0
1770	0
1790	0
1793	0
1795	0
1799	0
18	0
1908	0
1905	0
1904	0
1903	0
1900	0
19	0
1898	0
1892	0
1911	0
1912	0
1917	0
1919	0
192	0
1920	0
1922	0
1923	0
1924	0
1862	0
1860	0
1858	0
1857	0
1865	0
1855	0
1853	0
1849	0
1766	0
1872	0
1876	0
188	0
1880	0
1881	0
1883	0
1888	0
1889	0
1665	0
1674	0
1672	0
167	0
1666	0
1664	0
1663	0
1660	0
1659	0
1676	0
1678	0
1679	0
1680	0
1681	0
1688	0
1690	0
1696	0
1633	0
1632	0
1631	0
1630	0
163	0
1626	0
1625	0
1624	0
1622	0
1641	0
1642	0
1648	0
165	0
1650	0
1651	0
1653	0
1655	0
1740	0
1748	0
1747	0
1744	0
1743	0
1741	0
1749	0
174	0
1735	0
1732	0
1731	0
1753	0
1757	0
1758	0
176	0
1762	0
171	0
1709	0
1715	0
1704	0
1700	0
1699	0
1698	0
1716	0
1720	0
1721	0
1723	0
1725	0
1730	0
2124	0
2130	0
2128	0
2126	0
2133	0
2122	0
2113	0
2136	0
2141	0
2145	0
2151	0
2152	0
2155	0
2087	0
2095	0
2094	0
2091	0
209	0
2089	0
208	0
2077	0
2156	0
2100	0
2101	0
2103	0
2106	0
2110	0
2111	0
2204	0
2212	0
2209	0
2208	0
2203	0
2201	0
220	0
2216	0
222	0
2221	0
2228	0
2230	0
2232	0
2175	0
2172	0
2170	0
2169	0
2168	0
2167	0
2166	0
2176	0
2164	0
2162	0
2161	0
2160	0
216	0
2157	0
2075	0
2177	0
2184	0
2185	0
2189	0
2192	0
1981	0
1978	0
1977	0
1972	0
1970	0
1968	0
1966	0
1962	0
1985	0
1990	0
1992	0
1993	0
1994	0
1999	0
1944	0
1942	0
1938	0
1932	0
1931	0
193	0
1929	0
1949	0
1950	0
1954	0
1955	0
1960	0
1961	0
2048	0
2056	0
2055	0
2052	0
205	0
2057	0
2043	0
2041	0
2040	0
2039	0
2038	0
2062	0
2065	0
2069	0
207	0
2072	0
2074	0
2017	0
2001	0
2006	0
2007	0
2008	0
2009	0
201	0
2011	0
2012	0
2014	0
2015	0
2016	0
1620	0
202	0
2020	0
2022	0
2024	0
203	0
2030	0
2034	0
1206	0
1211	0
1201	0
1200	0
1197	0
1195	0
1194	0
1193	0
1213	0
1216	0
1218	0
1219	0
1220	0
1221	0
1223	0
1224	0
1166	0
1174	0
1171	0
1175	0
1162	0
1160	0
1229	0
1176	0
1177	0
1178	0
118	0
1181	0
1183	0
1184	0
1186	0
1190	0
1191	0
1279	0
129	0
1288	0
1287	0
1286	0
1281	0
1276	0
1272	0
1271	0
1293	0
1295	0
1296	0
1301	0
1245	0
1243	0
1242	0
124	0
1238	0
1235	0
1232	0
1156	0
1250	0
1251	0
1256	0
1257	0
126	0
1262	0
1264	0
1265	0
1046	0
1045	0
1051	0
1041	0
1040	0
1054	0
1055	0
1056	0
106	0
1064	0
1065	0
1068	0
1007	0
1014	0
1013	0
1011	0
101	0
1005	0
1002	0
1	0
107	0
1019	0
1020	0
1024	0
1026	0
1027	0
103	0
1032	0
1136	0
1134	0
1131	0
1130	0
1126	0
1123	0
112	0
1143	0
1148	0
1091	0
1070	0
1076	0
1077	0
1079	0
108	0
1080	0
1082	0
1085	0
1088	0
1090	0
1096	0
1097	0
1112	0
1516	0
1515	0
1514	0
1512	0
151	0
1507	0
1506	0
1504	0
1523	0
1528	0
1531	0
1532	0
1536	0
1537	0
1538	0
1478	0
1477	0
1480	0
1468	0
1466	0
1465	0
154	0
1484	0
1486	0
149	0
1491	0
1496	0
1498	0
1499	0
15	0
160	0
16	0
1592	0
1589	0
1588	0
1587	0
1585	0
1581	0
1604	0
1608	0
1612	0
1613	0
1614	0
1617	0
1619	0
162	0
1554	0
1561	0
156	0
1558	0
1556	0
1550	0
1549	0
1547	0
1543	0
1540	0
1460	0
1567	0
1568	0
1569	0
157	0
1570	0
1576	0
136	0
1357	0
1360	0
1347	0
1346	0
1344	0
1361	0
1362	0
1371	0
1372	0
1373	0
1374	0
1377	0
1322	0
1320	0
1323	0
1312	0
1311	0
1378	0
1330	0
1335	0
1337	0
1339	0
1434	0
1439	0
1424	0
1419	0
1440	0
1442	0
1444	0
1445	0
1446	0
145	0
1454	0
1459	0
1399	0
1382	0
1385	0
1386	0
139	0
1390	0
1391	0
1394	0
1398	0
1401	0
1402	0
1405	0
1408	0
1409	0
1414	0
3057	0
3056	0
3049	0
3048	0
3046	0
3066	0
3068	0
307	0
308	0
3082	0
302	0
3019	0
3015	0
3011	0
3010	0
301	0
3020	0
3002	0
3000	0
300	0
3025	0
3030	0
3038	0
3041	0
3132	0
313	0
3128	0
3135	0
3122	0
3120	0
3137	0
3139	0
314	0
3140	0
3142	0
3144	0
3148	0
315	0
3099	0
3096	0
3095	0
3094	0
3092	0
3090	0
309	0
3088	0
3085	0
3104	0
3106	0
311	0
3110	0
3112	0
3113	0
290	0
29	0
289	0
2889	0
2888	0
2907	0
291	0
2911	0
2912	0
2914	0
2924	0
2860	0
2858	0
2849	0
2845	0
2869	0
2870	0
2872	0
2873	0
288	0
2880	0
2881	0
2981	0
298	0
2976	0
2975	0
2974	0
2971	0
2970	0
2968	0
2964	0
2984	0
2985	0
2988	0
2993	0
2998	0
2999	0
2941	0
2938	0
2937	0
2931	0
2929	0
2944	0
2945	0
2948	0
2957	0
2962	0
2963	0
3363	0
3361	0
3359	0
3357	0
3355	0
3348	0
3365	0
337	0
3375	0
3377	0
3381	0
3328	0
3327	0
3325	0
3322	0
3329	0
3312	0
3330	0
3331	0
3339	0
3341	0
3342	0
3344	0
3431	0
344	0
3436	0
343	0
3424	0
3423	0
342	0
3441	0
3442	0
3451	0
3458	0
3459	0
3397	0
3396	0
3392	0
3388	0
3400	0
3406	0
3408	0
3415	0
3417	0
3418	0
3204	0
3214	0
3209	0
3215	0
3200	0
3195	0
3216	0
322	0
3222	0
3224	0
323	0
3232	0
3234	0
3171	0
3169	0
3168	0
3161	0
3235	0
3174	0
3177	0
3179	0
3182	0
3186	0
3187	0
3190	0
3276	0
3275	0
3270	0
3292	0
3297	0
3298	0
33	0
3302	0
3304	0
3306	0
3253	0
3236	0
324	0
3250	0
3256	0
3257	0
3259	0
3260	0
3262	0
3263	0
3264	0
3265	0
2446	0
2442	0
2440	0
2449	0
2437	0
2432	0
245	0
2452	0
2453	0
2455	0
2458	0
2459	0
2412	0
2411	0
2410	0
2402	0
2400	0
2397	0
2395	0
2414	0
2416	0
2421	0
2425	0
2426	0
243	0
2515	0
2513	0
2509	0
2505	0
2521	0
2527	0
2529	0
2531	0
2532	0
2533	0
2536	0
2472	0
2480	0
2477	0
2474	0
2468	0
2467	0
2466	0
2488	0
249	0
2490	0
2491	0
2496	0
2498	0
25	0
250	0
2292	0
2291	0
2290	0
2281	0
228	0
2272	0
2297	0
230	0
2304	0
2251	0
225	0
2249	0
2240	0
2235	0
2256	0
2257	0
2258	0
2266	0
2364	0
2368	0
2362	0
2356	0
2376	0
2377	0
2378	0
2381	0
2385	0
2392	0
2311	0
2315	0
2320	0
2323	0
2325	0
233	0
2337	0
2340	0
2343	0
2346	0
2351	0
2737	0
2746	0
2744	0
2742	0
2741	0
2739	0
2738	0
2734	0
2732	0
2731	0
2754	0
2763	0
2765	0
2699	0
2708	0
2706	0
2703	0
2700	0
2722	0
2724	0
2818	0
2815	0
2814	0
2812	0
2808	0
2826	0
2829	0
2832	0
2834	0
2837	0
2838	0
2839	0
2842	0
2783	0
2780	0
278	0
2776	0
2771	0
2788	0
2790	0
2792	0
280	0
2801	0
2802	0
2589	0
2585	0
2576	0
2573	0
2570	0
257	0
2592	0
2593	0
2597	0
260	0
2605	0
2549	0
2548	0
2544	0
2538	0
2555	0
256	0
2561	0
2562	0
2564	0
2566	0
2567	0
2662	0
2665	0
2664	0
2674	0
2661	0
266	0
2657	0
2655	0
2677	0
268	0
2687	0
2689	0
2617	0
2623	0
2624	0
3462	0
2642	0
2643	0
2645	0
2650	0
2653	0
596	1
2420	1
2512	1
3258	1
1719	1
1840	1
3605	1
4751	1
285	1
321	1
3753	1
4779	1
715	1
907	1
4251	1
4895	1
295	1
1435	1
1738	1
3031	1
147	1
1901	1
4752	1
2140	1
2520	1
4675	1
755	1
3527	1
5207	1
762	1
1832	1
4609	1
499	1
1308	1
2803	1
114	1
1198	1
4713	1
892	1
3141	1
5231	1
2025	1
2473	1
4519	1
983	1
1075	1
3647	1
975	1
1001	1
2863	1
457	1
3727	1
4682	1
679	1
4696	1
5076	1
629	1
2121	1
2407	1
1447	1
2028	1
4426	1
161	1
3277	1
3006	1
4091	1
1706	1
2280	1
2828	1
3028	1
695	1
1071	1
2992	1
3763	1
1637	1
2190	1
687	1
4898	1
3005	1
4108	1
3159	1
4116	1
1420	1
1695	1
633	1
2307	1
659	1
2093	1
1438	1
1921	1
1485	1
3284	1
63	1
2915	1
1482	1
4578	1
3764	1
4269	1
622	1
1634	1
671	1
1325	1
3830	1
4547	1
3178	1
4942	1
535	1
794	1
1518	1
2669	1
1508	1
2181	1
2580	1
2638	1
2213	1
5035	1
2495	1
4229	1
4555	1
4819	1
4508	1
5224	1
2482	1
3254	1
2481	1
3497	1
461	1
1737	1
2639	1
3428	1
2462	1
5237	1
5	1
279	1
1850	1
2217	1
1869	1
4016	1
2779	1
4473	1
1750	1
4033	1
178	1
4261	1
2857	1
3054	1
4035	1
4380	1
2679	1
4511	1
1953	1
2104	1
2023	1
3697	1
1884	1
3449	1
1906	1
2158	1
2750	1
3676	1
2748	1
4599	1
2740	1
5179	1
2729	1
3625	1
194	1
2405	1
2727	1
4334	1
341	1
2827	1
944	1
1918	1
363	1
3596	1
936	1
1297	1
968	1
1800	1
1278	1
3837	1
775	1
1571	1
778	1
2171	1
782	1
2287	1
334	1
857	1
1164	1
1358	1
1132	1
1687	1
917	1
3877	1
3603	1
3962	1
1087	1
4119	1
916	1
1564	1
1099	1
4394	1
1103	1
1530	1
1104	1
2224	1
1189	1
2504	1
3220	1
4362	1
3203	1
4556	1
3205	1
4730	1
716	1
1601	1
1327	1
2871	1
745	1
991	1
732	1
4842	1
1304	1
1328	1
4218	1
4477	1
3535	1
3538	1
421	1
3539	1
4246	1
3524	1
4262	1
4115	1
4235	1
4474	1
3534	1
4241	1
3528	1
4244	1
4147	1
3555	1
4139	1
3551	1
4151	1
4117	1
3556	1
4175	1
3466	1
4488	1
4180	1
4181	1
4486	1
4188	1
4482	1
4163	1
4154	1
417	1
4170	1
4378	1
4382	1
4376	1
4386	1
4388	1
4395	1
436	1
4363	1
437	1
4374	1
4438	1
4410	1
4413	1
4433	1
4420	1
4432	1
4398	1
3498	1
4442	1
3496	1
3495	1
4404	1
4407	1
4464	1
4291	1
4463	1
3516	1
4296	1
43	1
3515	1
4305	1
4462	1
4460	1
446	1
4270	1
4276	1
3519	1
4289	1
3509	1
4344	1
4347	1
435	1
3508	1
4457	1
4326	1
4329	1
4332	1
382	1
3821	1
3822	1
3823	1
364	1
3638	1
3635	1
3831	1
3805	1
380	1
3801	1
3633	1
3808	1
3646	1
3812	1
3813	1
3621	1
3865	1
3878	1
3880	1
3632	1
3839	1
3849	1
3850	1
3854	1
3855	1
3725	1
3738	1
3742	1
3700	1
3698	1
3702	1
3703	1
3704	1
371	1
3694	1
3717	1
3781	1
3668	1
3667	1
3666	1
3787	1
3789	1
366	1
3677	1
3756	1
3759	1
3673	1
3760	1
3768	1
4030	1
4038	1
4050	1
3580	1
4059	1
4000	1
4001	1
4012	1
4018	1
4023	1
4027	1
3566	1
4094	1
4095	1
4100	1
3565	1
4109	1
411	1
4113	1
4078	1
4066	1
407	1
4077	1
4082	1
4083	1
4084	1
4085	1
3884	1
3885	1
3887	1
3616	1
3613	1
3891	1
3892	1
3893	1
3894	1
3900	1
3903	1
3973	1
3974	1
3975	1
3977	1
3969	1
399	1
3993	1
3996	1
3944	1
395	1
3950	1
3951	1
3952	1
590	1
59	1
572	1
571	1
593	1
595	1
605	1
549	1
547	1
540	1
54	1
529	1
562	1
658	1
663	1
65	1
649	1
648	1
645	1
644	1
667	1
67	1
675	1
613	1
62	1
621	1
623	1
630	1
632	1
643	1
5154	1
5141	1
5138	1
5157	1
5158	1
516	1
5165	1
5166	1
5168	1
5110	1
5107	1
5103	1
5120	1
5121	1
5125	1
5130	1
5131	1
5221	1
5220	1
522	1
5219	1
5225	1
5214	1
5212	1
5210	1
5208	1
5205	1
5227	1
5233	1
5234	1
5236	1
5241	1
5187	1
5174	1
519	1
5199	1
52	1
520	1
5200	1
5202	1
5203	1
895	1
893	1
886	1
883	1
882	1
911	1
913	1
915	1
86	1
858	1
854	1
861	1
847	1
841	1
865	1
868	1
870	1
871	1
873	1
88	1
880	1
963	1
971	1
965	1
96	1
959	1
958	1
955	1
985	1
986	1
987	1
989	1
996	1
935	1
94	1
946	1
948	1
950	1
952	1
743	1
742	1
741	1
74	1
733	1
730	1
729	1
750	1
758	1
760	1
764	1
705	1
714	1
821	1
817	1
824	1
811	1
806	1
805	1
831	1
835	1
836	1
837	1
787	1
777	1
78	1
786	1
5102	1
789	1
793	1
796	1
798	1
8	1
801	1
802	1
4703	1
4710	1
471	1
4707	1
4705	1
4698	1
4717	1
472	1
4720	1
4728	1
4672	1
4671	1
4669	1
4668	1
4673	1
4661	1
4660	1
4658	1
4677	1
4685	1
4687	1
4688	1
4693	1
4786	1
4784	1
4780	1
478	1
4778	1
4777	1
4774	1
4794	1
4795	1
4800	1
4803	1
4806	1
4809	1
4734	1
4738	1
4747	1
4756	1
4757	1
4758	1
476	1
4760	1
4763	1
4764	1
4768	1
4769	1
4546	1
4558	1
4552	1
4549	1
4559	1
4544	1
4543	1
4562	1
4567	1
4571	1
4521	1
4522	1
4500	1
4498	1
4526	1
4528	1
453	1
4535	1
4536	1
4537	1
4628	1
4627	1
4623	1
4620	1
462	1
4619	1
4614	1
4633	1
4638	1
4639	1
464	1
4640	1
4651	1
4595	1
4585	1
4588	1
4589	1
459	1
4591	1
4600	1
4601	1
4604	1
4610	1
4611	1
5008	1
5011	1
5012	1
5018	1
502	1
5021	1
5023	1
5026	1
4973	1
4971	1
497	1
4963	1
4961	1
4981	1
4991	1
5082	1
5081	1
508	1
5085	1
5073	1
5067	1
5086	1
5090	1
5093	1
510	1
5030	1
5037	1
504	1
5041	1
5045	1
5049	1
4956	1
5052	1
5053	1
5056	1
5058	1
506	1
5060	1
5062	1
4854	1
486	1
4859	1
4858	1
4852	1
4851	1
4850	1
485	1
4848	1
4847	1
4869	1
4870	1
4871	1
4877	1
4827	1
4824	1
4823	1
4822	1
4828	1
4818	1
4815	1
4812	1
4881	1
4831	1
4834	1
4837	1
484	1
4840	1
4841	1
4927	1
4934	1
4939	1
4921	1
4916	1
4950	1
4951	1
4899	1
4888	1
4889	1
4890	1
4897	1
490	1
4902	1
4903	1
4906	1
4908	1
4909	1
4915	1
1821	1
1820	1
1823	1
1810	1
181	1
1809	1
1808	1
1806	1
1804	1
1829	1
1845	1
1786	1
1782	1
1778	1
1787	1
1772	1
1771	1
1769	1
1847	1
1788	1
179	1
1791	1
1797	1
1798	1
1801	1
1803	1
1909	1
191	1
1899	1
1894	1
1910	1
1914	1
1926	1
1856	1
1864	1
1861	1
1859	1
1851	1
185	1
1875	1
1885	1
1887	1
1671	1
1669	1
1667	1
1661	1
166	1
1657	1
1656	1
1677	1
1682	1
1685	1
1691	1
1692	1
1693	1
1639	1
1636	1
1635	1
164	1
1627	1
1623	1
1621	1
1697	1
1640	1
1644	1
1646	1
1647	1
1649	1
1652	1
1742	1
1736	1
1734	1
1733	1
1751	1
1752	1
1754	1
1755	1
1756	1
1759	1
1760	1
1761	1
1765	1
1705	1
1713	1
1712	1
1711	1
1710	1
1708	1
1707	1
1701	1
170	1
17	1
1928	1
1717	1
1718	1
172	1
1728	1
1729	1
173	1
2132	1
2131	1
2129	1
2127	1
2125	1
2120	1
212	1
2117	1
2114	1
2112	1
2135	1
2144	1
2147	1
2148	1
2149	1
2150	1
2153	1
2154	1
2088	1
2097	1
2086	1
2085	1
2083	1
2082	1
2078	1
2098	1
2099	1
21	1
210	1
2102	1
2107	1
2108	1
2210	1
2206	1
2205	1
2215	1
2196	1
2194	1
2218	1
2222	1
2223	1
2225	1
2226	1
2229	1
2231	1
2233	1
2165	1
2159	1
2178	1
218	1
2180	1
2183	1
2187	1
2188	1
219	1
2191	1
1980	1
198	1
1979	1
1984	1
1971	1
1965	1
1963	1
1987	1
1996	1
2	1
20	1
1936	1
1946	1
1945	1
1941	1
1933	1
1930	1
1948	1
195	1
1952	1
1957	1
1958	1
196	1
2053	1
2051	1
2049	1
2047	1
2036	1
2058	1
2061	1
2063	1
2064	1
2066	1
2070	1
2071	1
2073	1
2004	1
2005	1
2013	1
2018	1
2026	1
2029	1
2033	1
2035	1
1210	1
121	1
1208	1
1204	1
1212	1
1214	1
1217	1
122	1
1226	1
1173	1
1172	1
1168	1
1165	1
1163	1
1161	1
116	1
1158	1
1185	1
1188	1
119	1
1289	1
1282	1
1273	1
1269	1
1268	1
1291	1
1292	1
1294	1
1299	1
13	1
1300	1
1302	1
1303	1
1305	1
1246	1
1244	1
1240	1
1249	1
1236	1
1233	1
1252	1
1255	1
1263	1
1050	1
105	1
1048	1
1047	1
1044	1
1042	1
104	1
1039	1
1037	1
1035	1
1058	1
1066	1
1067	1
1069	1
1016	1
1015	1
1010	1
1018	1
1003	1
100	1
102	1
1022	1
1023	1
1025	1
1028	1
1033	1
1129	1
1137	1
1135	1
1133	1
1138	1
1127	1
1125	1
1124	1
1122	1
1121	1
1139	1
1141	1
1142	1
1144	1
1145	1
1147	1
115	1
1150	1
1153	1
1154	1
1155	1
1074	1
1078	1
109	1
1306	1
1093	1
1095	1
1098	1
1106	1
1108	1
1110	1
1111	1
1114	1
1116	1
152	1
1519	1
1517	1
1521	1
1510	1
1509	1
1503	1
1522	1
1529	1
153	1
1539	1
1471	1
148	1
1476	1
1474	1
1463	1
1462	1
1487	1
1488	1
1490	1
1590	1
1600	1
1595	1
1591	1
1602	1
159	1
1582	1
1606	1
1607	1
1611	1
1618	1
1560	1
1559	1
1557	1
1548	1
1542	1
1566	1
1577	1
1580	1
1350	1
1359	1
1355	1
1354	1
135	1
1363	1
1364	1
1367	1
1370	1
1376	1
1314	1
1321	1
1317	1
1316	1
1315	1
1313	1
1310	1
131	1
1307	1
1332	1
1338	1
134	1
1340	1
1341	1
1426	1
1437	1
1436	1
1430	1
143	1
1429	1
1423	1
1422	1
1421	1
1418	1
1417	1
1443	1
1450	1
1452	1
1456	1
1458	1
146	1
138	1
1384	1
1388	1
1392	1
14	1
140	1
1411	1
1412	1
3051	1
3062	1
3060	1
306	1
3058	1
3053	1
3045	1
3043	1
3042	1
3069	1
3070	1
3074	1
3078	1
3079	1
3080	1
3009	1
3007	1
3003	1
3001	1
30	1
3024	1
3027	1
303	1
3036	1
3039	1
3040	1
3133	1
3131	1
3130	1
3125	1
3121	1
312	1
3136	1
3138	1
3145	1
3146	1
3147	1
3149	1
3093	1
3087	1
3	1
3102	1
3103	1
3108	1
3109	1
3111	1
3117	1
3118	1
2900	1
2899	1
2898	1
2897	1
2895	1
2893	1
2891	1
2904	1
2908	1
2920	1
2921	1
2922	1
2923	1
2866	1
2865	1
2861	1
286	1
2855	1
2852	1
2874	1
2875	1
2876	1
2877	1
2878	1
2885	1
2886	1
2972	1
2979	1
2977	1
2969	1
2966	1
2983	1
2986	1
2987	1
2989	1
299	1
2995	1
2934	1
2940	1
2939	1
2935	1
2942	1
2930	1
293	1
2928	1
2927	1
3150	1
2950	1
2952	1
2953	1
2958	1
2959	1
2960	1
2961	1
3362	1
3360	1
336	1
3364	1
3354	1
3366	1
3369	1
3370	1
3376	1
3380	1
3320	1
3316	1
3315	1
3314	1
3313	1
3310	1
3382	1
3333	1
3334	1
3336	1
3343	1
3345	1
3439	1
3438	1
3433	1
3432	1
3440	1
3427	1
3422	1
3420	1
3419	1
345	1
3455	1
3456	1
346	1
3460	1
3390	1
3398	1
3394	1
3385	1
3383	1
331	1
340	1
3403	1
3404	1
3410	1
3411	1
3412	1
3213	1
3212	1
3210	1
32	1
3199	1
3194	1
3217	1
3219	1
3225	1
3226	1
3230	1
3162	1
3172	1
3167	1
3165	1
3163	1
3160	1
3157	1
3154	1
3180	1
3183	1
3185	1
3189	1
319	1
3191	1
3280	1
3290	1
3289	1
3287	1
3285	1
3283	1
3281	1
3291	1
3279	1
3278	1
3294	1
3296	1
3299	1
3300	1
3301	1
3305	1
0	1
3239	1
3240	1
3241	1
3242	1
3244	1
3245	1
3246	1
3247	1
326	1
3266	1
3267	1
3269	1
327	1
244	1
2448	1
2447	1
2443	1
2439	1
2438	1
2431	1
2450	1
2451	1
2454	1
2456	1
246	1
2460	1
2461	1
2463	1
2401	1
241	1
2406	1
2413	1
24	1
2398	1
2394	1
2417	1
2423	1
2427	1
2429	1
2519	1
2518	1
2517	1
2514	1
2510	1
252	1
2508	1
2500	1
2522	1
2523	1
2526	1
2528	1
2535	1
248	1
2484	1
2471	1
2470	1
247	1
2469	1
2393	1
2485	1
2492	1
2494	1
2497	1
2499	1
2294	1
2293	1
2288	1
2278	1
2276	1
2273	1
2296	1
23	1
2301	1
2302	1
2305	1
2306	1
2308	1
2309	1
2250	1
2248	1
2247	1
2245	1
224	1
2239	1
2238	1
2236	1
2310	1
2255	1
2259	1
2260	1
2263	1
2264	1
2265	1
2269	1
2270	1
2374	1
2372	1
2371	1
2369	1
2365	1
2375	1
2363	1
2360	1
236	1
2359	1
2357	1
2355	1
238	1
2380	1
2382	1
2383	1
2386	1
2388	1
2334	1
2312	1
2313	1
2326	1
2327	1
2328	1
2330	1
2331	1
2333	1
2537	1
2336	1
2338	1
234	1
2341	1
2342	1
2344	1
2348	1
2353	1
2745	1
274	1
2736	1
273	1
2749	1
275	1
2756	1
2757	1
2758	1
2760	1
2767	1
2705	1
270	1
2698	1
2697	1
2696	1
2695	1
2694	1
2692	1
2768	1
271	1
2710	1
2712	1
2715	1
2717	1
2719	1
272	1
2720	1
2728	1
282	1
2819	1
2817	1
2816	1
2805	1
2825	1
283	1
2831	1
284	1
2841	1
2778	1
2786	1
2785	1
2784	1
2782	1
2775	1
2773	1
2770	1
2769	1
2691	1
2789	1
2794	1
2797	1
28	1
2804	1
258	1
2588	1
2584	1
2581	1
2590	1
2572	1
2594	1
2595	1
26	1
2600	1
2604	1
2607	1
2546	1
2552	1
2551	1
2550	1
2547	1
2539	1
2608	1
2557	1
2558	1
2559	1
2569	1
2670	1
2663	1
2660	1
2659	1
2658	1
2675	1
2678	1
2681	1
2682	1
2683	1
2686	1
2688	1
269	1
2629	1
2609	1
2613	1
2615	1
262	1
2622	1
2626	1
2627	1
2628	1
263	1
2636	1
2637	1
264	1
2640	1
2644	1
2649	1
265	1
2654	1
4455	2
4798	2
4865	2
1352	2
1616	2
1493	2
1831	2
3771	2
4019	2
3834	2
3960	2
543	2
545	2
2046	2
4938	2
2054	2
2896	2
2614	2
4988	2
4280	2
4434	2
2322	2
3684	2
4468	2
4919	2
2252	2
2540	2
1836	2
4009	2
1775	2
2318	2
1777	2
2774	2
2714	2
3251	2
1964	2
2806	2
267	2
1234	2
2910	2
3485	2
2726	2
4643	2
1231	2
2241	2
1120	2
1387	2
3335	2
4657	2
881	2
2603	2
1089	2
2583	2
912	2
1228	2
111	2
4243	2
132	2
4773	2
1004	2
4436	2
725	2
3752	2
3468	2
4205	2
4209	2
4247	2
3308	2
4494	2
4176	2
418	2
4185	2
419	2
4157	2
4492	2
3544	2
4377	2
4381	2
3507	2
4435	2
4421	2
4425	2
4445	2
4399	2
4465	2
4283	2
3476	2
434	2
4311	2
3512	2
3479	2
3480	2
3827	2
3825	2
3655	2
3623	2
3873	2
3845	2
3846	2
3722	2
3724	2
3693	2
3773	2
3778	2
378	2
3665	2
3791	2
375	2
3751	2
3762	2
403	2
4043	2
4002	2
3588	2
4022	2
3564	2
4073	2
3935	2
3972	2
3590	2
3956	2
396	2
3963	2
3964	2
581	2
600	2
534	2
527	2
564	2
568	2
655	2
627	2
5149	2
5155	2
5112	2
5129	2
5216	2
5239	2
5173	2
5180	2
5192	2
5201	2
899	2
890	2
908	2
919	2
846	2
920	2
877	2
961	2
925	2
928	2
949	2
951	2
70	2
710	2
829	2
83	2
830	2
780	2
781	2
4719	2
4725	2
4727	2
4731	2
4690	2
4692	2
4799	2
4754	2
4742	2
4753	2
4762	2
4538	2
4516	2
4509	2
4532	2
4637	2
4652	2
4579	2
5006	2
5005	2
4998	2
5020	2
4964	2
4975	2
4974	2
4962	2
4957	2
5027	2
4986	2
5083	2
5050	2
4863	2
4864	2
4846	2
4880	2
4835	2
4836	2
4933	2
4920	2
4945	2
4948	2
4954	2
4884	2
4887	2
489	2
4892	2
4894	2
4912	2
1844	2
177	2
1767	2
1794	2
180	2
1802	2
1907	2
1896	2
1891	2
1915	2
1916	2
1927	2
186	2
1866	2
1675	2
1643	2
1746	2
1745	2
175	2
1722	2
2200	2
2174	2
2179	2
1976	2
1975	2
199	2
1998	2
1943	2
1937	2
1956	2
2050	2
2003	2
2019	2
2032	2
1203	2
1209	2
1207	2
1222	2
1167	2
1179	2
1274	2
1270	2
1237	2
1261	2
1043	2
1038	2
1059	2
1006	2
113	2
1146	2
1151	2
1072	2
1083	2
11	2
1100	2
1513	2
1525	2
1527	2
1479	2
1472	2
1594	2
1586	2
1610	2
1573	2
1574	2
1579	2
1356	2
1343	2
1342	2
1365	2
137	2
1319	2
1318	2
1329	2
1336	2
1433	2
1428	2
1441	2
1380	2
1381	2
1397	2
2234	2
1400	2
1403	2
1406	2
1413	2
3050	2
3065	2
3072	2
3077	2
3083	2
3032	2
3035	2
3037	2
3129	2
3119	2
3143	2
3091	2
310	2
3100	2
3086	2
3105	2
3114	2
2894	2
2892	2
2890	2
2856	2
2853	2
2848	2
2847	2
2884	2
2978	2
297	2
2991	2
2932	2
2954	2
2956	2
3356	2
3352	2
3351	2
335	2
3367	2
3378	2
3317	2
3319	2
3311	2
333	2
3340	2
3435	2
3446	2
3448	2
3453	2
3395	2
3399	2
339	2
3389	2
3387	2
3386	2
3405	2
3407	2
3413	2
3206	2
3201	2
3193	2
3218	2
3229	2
3231	2
3156	2
3155	2
3176	2
3184	2
3286	2
328	2
3274	2
3271	2
3303	2
325	2
2843	2
2436	2
2435	2
2430	2
2457	2
2408	2
2419	2
2422	2
2502	2
2524	2
253	2
2530	2
2483	2
2478	2
2476	2
2475	2
2282	2
2286	2
2279	2
2298	2
2246	2
2268	2
227	2
2367	2
2379	2
2387	2
2319	2
2335	2
2735	2
2733	2
2730	2
2755	2
2764	2
2701	2
2693	2
2711	2
2723	2
2811	2
2807	2
2781	2
2799	2
2800	2
2587	2
2591	2
2596	2
2599	2
2554	2
2545	2
2568	2
2672	2
2684	2
2685	2
2610	2
2621	2
316	3
2303	3
4695	3
4965	3
2059	3
2146	3
2332	3
4206	3
4594	3
5047	3
998	3
999	3
2641	3
2906	3
123	3
1768	3
1030	3
2690	3
823	3
4557	3
1275	3
4584	3
1170	3
2195	3
4493	3
4127	3
4361	3
4412	3
3493	3
4439	3
4312	3
4456	3
3816	3
3852	3
3735	3
3788	3
3661	3
3794	3
3679	3
4029	3
4020	3
357	3
3575	3
3971	3
3989	3
3992	3
4114	3
3957	3
55	3
628	3
523	3
5183	3
5196	3
894	3
843	3
933	3
934	3
937	3
945	3
752	3
707	3
827	3
4711	3
4700	3
4694	3
467	3
4785	3
4776	3
4810	3
4746	3
4759	3
4551	3
4540	3
4574	3
4644	3
4645	3
4650	3
501	3
4990	3
5099	3
5100	3
4820	3
4829	3
4839	3
4843	3
4935	3
4940	3
1813	3
190	3
1848	3
1873	3
1890	3
169	3
1724	3
1727	3
2115	3
2090	3
2109	3
2214	3
2193	3
2227	3
2182	3
1986	3
1997	3
1951	3
1959	3
204	3
2067	3
2027	3
1202	3
117	3
1169	3
130	3
1239	3
1247	3
1253	3
1260	3
1267	3
1052	3
1053	3
1008	3
1031	3
1511	3
1534	3
1483	3
1593	3
1603	3
1572	3
158	3
1348	3
3044	3
3017	3
3127	3
3134	3
3123	3
3084	3
2862	3
2859	3
2925	3
3358	3
3353	3
3374	3
3379	3
3321	3
332	3
3337	3
3447	3
3393	3
3211	3
3198	3
329	3
3243	3
3248	3
3268	3
2444	3
2441	3
2418	3
242	3
2428	3
251	3
2503	3
2501	3
2283	3
2295	3
2299	3
2300	3
2254	3
2261	3
2389	3
2747	3
276	3
2762	3
2716	3
2718	3
2820	3
2810	3
281	3
2772	3
2795	3
2543	3
2565	3
2611	3
2620	3
558	4
3238	4
1983	4
2846	4
3426	4
4230	4
784	4
974	4
3223	4
4063	4
3530	4
4184	4
3501	4
4403	4
4304	4
4321	4
3675	4
3608	4
3928	4
3994	4
662	4
616	4
5177	4
87	4
84	4
4712	4
4791	4
4580	4
4587	4
4596	4
4958	4
4987	4
4826	4
4937	4
4885	4
1834	4
1902	4
1854	4
2137	4
2092	4
211	4
1988	4
1934	4
120	4
1192	4
1298	4
1049	4
1475	4
1470	4
1492	4
1494	4
1345	4
1368	4
1309	4
3018	4
3026	4
3124	4
3097	4
2902	4
2903	4
2887	4
2905	4
2917	4
2982	4
2967	4
2990	4
294	4
2936	4
3349	4
3368	4
3391	4
3207	4
3173	4
3151	4
3261	4
2404	4
2507	4
2487	4
2277	4
2243	4
2347	4
2766	4
2707	4
2822	4
2833	4
2586	4
2582	4
2574	4
255	4
2541	4
2673	4
2634	4
494	5
521	5
4233	5
4490	5
3859	5
3690	5
656	5
9	5
954	5
746	5
697	5
720	5
785	5
4771	5
454	5
4533	5
4629	5
4960	5
4816	5
1205	5
1227	5
1290	5
1230	5
1501	5
1563	5
1353	5
133	5
1331	5
1410	5
3338	5
3166	5
2399	5
2511	5
2813	5
2606	5
2666	5
2676	5
3523	6
4153	6
3490	6
3796	6
984	6
706	6
721	6
4804	6
4735	6
4542	6
1629	6
2211	6
22	6
1974	6
1029	6
1526	6
1555	6
1415	6
3055	6
304	6
2997	6
3450	6
3237	6
2465	6
2489	6
237	6
2809	6
2556	6
2560	6
4158	7
4167	7
445	7
3683	7
548	7
977	7
724	7
4681	7
474	7
4570	7
4583	7
4936	7
4913	7
1739	7
1283	7
1334	7
2913	7
3437	7
2787	7
2578	7
3494	8
3636	8
3577	8
4530	8
46	8
5029	8
1893	8
1882	8
1947	8
200	8
1060	8
10	8
1113	8
1464	8
1497	8
1605	8
1562	8
231	8
2242	8
2709	8
2824	8
2796	8
2575	8
2553	8
254	8
2656	8
4408	9
4324	9
3686	9
394	9
932	9
751	9
757	9
4553	9
5066	9
4946	9
1673	9
1351	9
1324	9
3063	9
3075	9
2868	9
2668	9
