src_id:int64	dst_id:int64	weight:double
4455	4865	1.0
4455	4551	1.0
4455	4574	1.0
4455	5049	1.0
4455	4798	1.0
4798	5049	1.0
1352	2565	1.0
1352	2822	1.0
1352	4233	1.0
1352	2578	1.0
1352	1813	1.0
1352	3994	1.0
1352	3044	1.0
1352	1605	1.0
1352	2465	1.0
1352	2211	1.0
1352	4138	1.0
1352	3501	1.0
1352	2867	1.0
1352	3892	1.0
1352	4153	1.0
1352	1974	1.0
1352	4408	1.0
1352	2489	1.0
1352	5056	1.0
1352	2242	1.0
1352	4681	1.0
1352	4324	1.0
1352	4167	1.0
1352	4553	1.0
1352	4023	1.0
1352	1616	1.0
1352	2901	1.0
1352	4695	1.0
1352	1369	1.0
1352	4058	1.0
1352	3426	1.0
1352	4580	1.0
1352	2277	1.0
1352	3494	1.0
1352	3690	1.0
1352	1947	1.0
1352	4981	1.0
1352	1400	1.0
1352	2809	1.0
1352	3069	1.0
1616	4138	1.0
1616	2577	1.0
1616	3957	1.0
1616	1974	1.0
1616	3994	1.0
1616	1947	1.0
1616	4533	1.0
1493	3349	1.0
1493	1831	1.0
1831	1835	1.0
1831	4759	1.0
1831	2461	1.0
1831	2718	1.0
1831	4003	1.0
1831	3236	1.0
1831	2859	1.0
1831	4782	1.0
1831	2484	1.0
1831	3006	1.0
1831	4032	1.0
1831	4423	1.0
1831	4686	1.0
1831	4947	1.0
1831	2266	1.0
1831	2925	1.0
1831	4201	1.0
3771	4117	1.0
3771	4188	1.0
3771	4233	1.0
3771	4029	1.0
3771	5056	1.0
3771	4553	1.0
3771	4700	1.0
3771	4324	1.0
3771	4019	1.0
3834	4015	1.0
3834	3960	1.0
3960	4771	1.0
3960	4269	1.0
3960	4015	1.0
3960	4530	1.0
3960	4158	1.0
3960	4946	1.0
543	2560	1.0
543	1410	1.0
543	4490	1.0
543	1042	1.0
543	662	1.0
543	1562	1.0
543	2799	1.0
543	545	1.0
543	4935	1.0
543	1324	1.0
543	4910	1.0
543	4913	1.0
543	1714	1.0
543	1334	1.0
543	3527	1.0
543	3530	1.0
543	3531	1.0
543	2764	1.0
543	2656	1.0
543	3683	1.0
543	2917	1.0
543	998	1.0
543	2668	1.0
543	751	1.0
543	755	1.0
543	757	1.0
543	1526	1.0
543	3577	1.0
545	2560	1.0
545	1410	1.0
545	4490	1.0
545	1042	1.0
545	662	1.0
545	1562	1.0
545	3490	1.0
545	4935	1.0
545	1324	1.0
545	4910	1.0
545	4913	1.0
545	1714	1.0
545	3527	1.0
545	3530	1.0
545	3531	1.0
545	2764	1.0
545	2656	1.0
545	3683	1.0
545	2917	1.0
545	998	1.0
545	2668	1.0
545	751	1.0
545	755	1.0
545	757	1.0
545	1526	1.0
545	3577	1.0
545	1915	1.0
545	1277	1.0
2046	4131	1.0
2046	5066	1.0
2046	4938	1.0
2046	2101	1.0
2046	5047	1.0
2046	2332	1.0
2046	2047	1.0
2054	2154	1.0
2054	3181	1.0
2054	2896	1.0
2054	3957	1.0
2054	4893	1.0
2054	4958	1.0
2614	4988	1.0
2614	3936	1.0
4988	5092	1.0
4280	4434	1.0
2322	3684	1.0
2322	3686	1.0
2322	4711	1.0
2322	3756	1.0
2322	4493	1.0
2322	4785	1.0
2322	2546	1.0
2322	3158	1.0
2322	2618	1.0
4468	4919	1.0
4919	4942	1.0
2252	4034	1.0
2252	5131	1.0
2252	2540	1.0
2252	2252	1.0
2252	2541	1.0
2252	2254	1.0
2252	2543	1.0
2252	4430	1.0
2252	4312	1.0
2540	2548	1.0
1836	5051	1.0
1836	5059	1.0
1836	4403	1.0
1836	3055	1.0
1836	4995	1.0
1836	4533	1.0
1836	4009	1.0
1836	3928	1.0
1836	1947	1.0
4009	5059	1.0
4009	4178	1.0
4009	4403	1.0
4009	4533	1.0
4009	5051	1.0
1775	4629	1.0
1775	2318	1.0
1775	4127	1.0
2318	4265	1.0
2318	3158	1.0
1777	2774	1.0
2774	3726	1.0
2774	2962	1.0
2774	4123	1.0
2774	3493	1.0
2774	4775	1.0
2774	3373	1.0
2774	3122	1.0
2774	4415	1.0
2774	3924	1.0
2774	4439	1.0
2774	4061	1.0
2774	3171	1.0
2774	3816	1.0
2714	2859	1.0
2714	4624	1.0
2714	2964	1.0
2714	4127	1.0
2714	4779	1.0
2714	4525	1.0
2714	2737	1.0
2714	3890	1.0
2714	3251	1.0
2714	2888	1.0
2714	4820	1.0
2714	5077	1.0
2714	4055	1.0
2714	4826	1.0
2714	3549	1.0
2714	4702	1.0
2714	5221	1.0
2714	4987	1.0
1964	3859	1.0
1964	2709	1.0
1964	4131	1.0
1964	5029	1.0
1964	4140	1.0
1964	3892	1.0
1964	4282	1.0
1964	5066	1.0
1964	4304	1.0
1964	3796	1.0
1964	4695	1.0
1964	2788	1.0
1964	2195	1.0
1964	2806	1.0
1964	4861	1.0
267	1234	1.0
1234	4456	1.0
1234	4044	1.0
1234	3852	1.0
1234	3181	1.0
1234	1934	1.0
1234	1563	1.0
2910	4992	1.0
2910	4577	1.0
2910	4293	1.0
2910	4046	1.0
2910	2973	1.0
2910	3485	1.0
2726	3203	1.0
2726	3216	1.0
2726	5142	1.0
2726	4127	1.0
2726	5104	1.0
2726	4643	1.0
2726	3116	1.0
2726	4792	1.0
2726	2751	1.0
2726	4550	1.0
2726	4426	1.0
2726	4791	1.0
2726	4622	1.0
2726	3158	1.0
2726	4313	1.0
2726	4059	1.0
2726	4063	1.0
2726	4321	1.0
2726	4069	1.0
2726	4457	1.0
2726	5105	1.0
2726	3198	1.0
2726	4987	1.0
2726	4732	1.0
2726	4606	1.0
1231	2241	1.0
1231	1764	1.0
1231	1353	1.0
1231	5099	1.0
1231	2415	1.0
1231	4020	1.0
1231	2750	1.0
1231	4407	1.0
1231	4028	1.0
1231	4958	1.0
1231	1253	1.0
2241	5099	1.0
2241	4958	1.0
2241	2415	1.0
2241	4028	1.0
1120	1387	1.0
1120	4517	1.0
1387	4233	1.0
1387	2828	1.0
1387	1986	1.0
1387	2626	1.0
1387	2332	1.0
1387	4517	1.0
1387	3494	1.0
1387	2867	1.0
1387	3892	1.0
1387	4553	1.0
1387	1730	1.0
1387	3017	1.0
1387	3145	1.0
1387	1619	1.0
1387	4712	1.0
1387	4342	1.0
1387	3707	1.0
1387	2047	1.0
3335	4657	1.0
881	2603	1.0
881	4645	1.0
2603	3084	1.0
2603	4645	1.0
2603	2738	1.0
2603	4677	1.0
2603	2887	1.0
2603	3914	1.0
2603	3293	1.0
2603	4832	1.0
2603	3961	1.0
2603	4987	1.0
1089	1603	1.0
1089	4212	1.0
1089	4119	1.0
1089	4683	1.0
1089	4977	1.0
1089	4244	1.0
1089	4823	1.0
1089	2583	1.0
1089	1563	1.0
912	1228	1.0
912	3207	1.0
1228	3495	1.0
1228	2158	1.0
1228	5142	1.0
1228	4121	1.0
1228	4953	1.0
1228	1530	1.0
1228	2140	1.0
1228	2906	1.0
1228	3391	1.0
111	5152	1.0
111	2193	1.0
111	4243	1.0
111	532	1.0
111	922	1.0
111	416	1.0
111	2855	1.0
111	2732	1.0
111	4147	1.0
111	3766	1.0
111	4148	1.0
111	948	1.0
111	117	1.0
111	5024	1.0
111	707	1.0
111	1988	1.0
111	2121	1.0
111	3280	1.0
111	4693	1.0
111	2065	1.0
111	2652	1.0
111	2407	1.0
111	4903	1.0
111	3954	1.0
111	629	1.0
111	4599	1.0
132	4773	1.0
132	857	1.0
132	1470	1.0
132	2021	1.0
1004	4436	1.0
1004	1053	1.0
725	1476	1.0
725	4839	1.0
725	3752	1.0
725	3605	1.0
725	1052	1.0
725	2495	1.0
3468	3788	1.0
4205	4746	1.0
4209	5221	1.0
4247	4263	1.0
4247	4259	1.0
3308	4804	1.0
3308	3534	1.0
3308	5177	1.0
3308	4282	1.0
4176	4596	1.0
4176	4412	1.0
418	1761	1.0
418	2186	1.0
418	978	1.0
418	4184	1.0
418	2706	1.0
418	2420	1.0
418	1141	1.0
418	3736	1.0
418	1880	1.0
418	3737	1.0
418	2538	1.0
4185	4245	1.0
419	3556	1.0
419	1973	1.0
419	2390	1.0
419	1871	1.0
4157	4771	1.0
4157	4158	1.0
4157	4946	1.0
4492	4843	1.0
4377	4486	1.0
4381	4797	1.0
4381	4990	1.0
3507	4839	1.0
4435	5196	1.0
4435	4943	1.0
4435	4885	1.0
4445	4940	1.0
4399	4810	1.0
4283	4711	1.0
3476	3602	1.0
3476	3498	1.0
434	893	1.0
434	1686	1.0
434	2495	1.0
3512	4583	1.0
3512	3735	1.0
3512	3792	1.0
3512	3608	1.0
3512	4542	1.0
3480	4960	1.0
3480	4936	1.0
3480	3794	1.0
3480	4674	1.0
3480	3675	1.0
3827	4154	1.0
3827	4095	1.0
3655	4826	1.0
3623	3907	1.0
3623	3867	1.0
3623	4735	1.0
3623	4184	1.0
3623	4570	1.0
3623	4413	1.0
3623	4542	1.0
3623	4479	1.0
3873	4161	1.0
3873	5004	1.0
3845	4387	1.0
3846	4565	1.0
3846	4406	1.0
3724	3758	1.0
3738	4324	1.0
3693	4493	1.0
3693	3764	1.0
3773	3962	1.0
3778	4233	1.0
3778	4408	1.0
3778	4282	1.0
3778	5056	1.0
3778	4681	1.0
3778	4167	1.0
3778	4553	1.0
3778	4023	1.0
3778	4601	1.0
3778	4153	1.0
3778	4058	1.0
3778	4324	1.0
3778	4981	1.0
378	2023	1.0
378	3081	1.0
378	5004	1.0
378	857	1.0
3665	4454	1.0
3665	3980	1.0
3665	4695	1.0
3665	4540	1.0
3791	3971	1.0
3791	4404	1.0
3791	4088	1.0
375	2810	1.0
375	3906	1.0
375	2405	1.0
3751	4113	1.0
3762	5170	1.0
403	715	1.0
403	3581	1.0
4043	5183	1.0
4002	4223	1.0
3588	3941	1.0
4022	4488	1.0
4022	4409	1.0
4022	4510	1.0
4023	4233	1.0
4023	5148	1.0
4023	4408	1.0
4023	4282	1.0
4023	4167	1.0
4023	4553	1.0
4023	4153	1.0
4023	4058	1.0
4023	4324	1.0
4023	4981	1.0
4023	4601	1.0
3564	4114	1.0
3564	3699	1.0
3577	4490	1.0
3577	4935	1.0
3577	4910	1.0
3577	4913	1.0
3577	5207	1.0
3577	3683	1.0
3935	4776	1.0
3972	4420	1.0
3972	4029	1.0
3590	3992	1.0
396	4662	1.0
396	3854	1.0
3963	4674	1.0
3963	4936	1.0
3963	4937	1.0
3963	4960	1.0
3964	4969	1.0
581	2181	1.0
581	3565	1.0
581	1934	1.0
581	1171	1.0
581	1588	1.0
581	3669	1.0
581	792	1.0
581	2671	1.0
581	1822	1.0
581	1919	1.0
600	4614	1.0
600	4233	1.0
600	1162	1.0
600	4517	1.0
600	3494	1.0
600	2673	1.0
600	682	1.0
600	3243	1.0
600	2867	1.0
600	2491	1.0
600	1724	1.0
600	4553	1.0
600	4694	1.0
600	4712	1.0
600	2801	1.0
600	3699	1.0
600	4981	1.0
534	3694	1.0
534	3283	1.0
534	1818	1.0
534	2140	1.0
534	2618	1.0
564	1052	1.0
564	3893	1.0
564	599	1.0
568	1297	1.0
568	1344	1.0
568	1727	1.0
568	4039	1.0
655	3085	1.0
655	749	1.0
655	2763	1.0
655	2287	1.0
627	4356	1.0
627	2582	1.0
5201	5210	1.0
899	2533	1.0
899	5197	1.0
899	2287	1.0
890	3811	1.0
890	5236	1.0
908	2214	1.0
908	2793	1.0
908	3660	1.0
908	4113	1.0
908	1495	1.0
908	4888	1.0
919	4746	1.0
919	3962	1.0
919	1020	1.0
846	2023	1.0
846	3081	1.0
846	5148	1.0
843	2178	1.0
843	2499	1.0
843	4324	1.0
843	3238	1.0
843	3402	1.0
843	2606	1.0
843	2901	1.0
843	1974	1.0
843	3258	1.0
920	4313	1.0
920	2495	1.0
877	4113	1.0
877	1495	1.0
961	2561	1.0
961	1511	1.0
961	3787	1.0
961	3030	1.0
961	2967	1.0
961	2045	1.0
961	3487	1.0
925	1456	1.0
925	1268	1.0
925	3640	1.0
928	3437	1.0
928	2647	1.0
949	2465	1.0
949	2820	1.0
949	2901	1.0
949	1974	1.0
949	2553	1.0
949	4188	1.0
951	4245	1.0
70	2339	1.0
70	3805	1.0
70	2350	1.0
70	2967	1.0
710	953	1.0
710	4661	1.0
710	1518	1.0
710	4813	1.0
829	3801	1.0
829	3629	1.0
829	913	1.0
83	4498	1.0
83	2195	1.0
83	2709	1.0
83	4886	1.0
83	668	1.0
83	1569	1.0
83	5029	1.0
83	4140	1.0
83	2863	1.0
83	454	1.0
83	4296	1.0
83	5066	1.0
83	975	1.0
83	3491	1.0
83	3796	1.0
83	1369	1.0
83	1170	1.0
83	3859	1.0
83	3957	1.0
83	3447	1.0
83	3450	1.0
830	3517	1.0
830	3638	1.0
780	4934	1.0
780	1194	1.0
780	2092	1.0
780	5233	1.0
780	2115	1.0
780	827	1.0
781	3677	1.0
781	2486	1.0
4719	4855	1.0
4727	4816	1.0
4727	5110	1.0
4692	4821	1.0
4799	5206	1.0
4754	5054	1.0
4753	5175	1.0
4762	5196	1.0
4762	4943	1.0
4762	4885	1.0
4652	5076	1.0
4652	4696	1.0
4579	4821	1.0
46	3939	1.0
46	933	1.0
46	3608	1.0
46	1415	1.0
46	2824	1.0
46	1673	1.0
46	363	1.0
46	3596	1.0
46	4583	1.0
46	3792	1.0
46	785	1.0
46	214	1.0
46	87	1.0
46	3512	1.0
46	4542	1.0
4601	5148	1.0
4601	5056	1.0
4601	4681	1.0
4601	4981	1.0
5005	5074	1.0
4998	5177	1.0
4975	5230	1.0
4962	5241	1.0
4920	4958	1.0
4954	5063	1.0
489	4233	1.0
489	715	1.0
489	3475	1.0
489	2867	1.0
489	4981	1.0
4892	4902	1.0
4892	4921	1.0
1844	4561	1.0
1844	2385	1.0
177	1122	1.0
177	2140	1.0
177	2791	1.0
1767	2716	1.0
1767	3854	1.0
1767	4110	1.0
1767	3471	1.0
1794	2747	1.0
180	750	1.0
180	690	1.0
180	3732	1.0
180	1848	1.0
180	1049	1.0
1802	3593	1.0
1802	3018	1.0
1802	5049	1.0
1802	2462	1.0
1907	3907	1.0
1907	4192	1.0
1907	2090	1.0
1907	4735	1.0
1907	4184	1.0
1907	4570	1.0
1907	2267	1.0
1907	2556	1.0
1907	4413	1.0
1907	4479	1.0
1896	2253	1.0
1896	2254	1.0
1896	3515	1.0
1891	4649	1.0
1891	2665	1.0
1891	2503	1.0
1891	4629	1.0
1891	3990	1.0
1916	4675	1.0
1916	4319	1.0
1927	3515	1.0
1927	2253	1.0
1927	2254	1.0
186	4170	1.0
186	3124	1.0
186	5092	1.0
1866	1869	1.0
1866	3581	1.0
1882	3971	1.0
1882	4404	1.0
1882	3115	1.0
1882	4088	1.0
1882	5006	1.0
1882	2575	1.0
1882	4241	1.0
1882	2479	1.0
1882	2868	1.0
1882	2936	1.0
1882	2399	1.0
1675	3000	1.0
1675	3682	1.0
1643	1959	1.0
1643	4969	1.0
1643	3346	1.0
1643	1834	1.0
1643	3309	1.0
1643	1874	1.0
1643	1833	1.0
1643	3946	1.0
1746	3781	1.0
1746	2354	1.0
175	1435	1.0
175	4540	1.0
175	1565	1.0
1722	3811	1.0
1722	5236	1.0
2200	4824	1.0
2200	5123	1.0
2174	4089	1.0
2179	3813	1.0
2179	3882	1.0
2179	2967	1.0
2179	2299	1.0
1976	3338	1.0
1976	2062	1.0
1975	2534	1.0
1975	5225	1.0
1975	4694	1.0
199	3844	1.0
199	5174	1.0
199	2486	1.0
1998	2028	1.0
1998	4426	1.0
1998	2444	1.0
1998	3116	1.0
1998	4457	1.0
1998	2329	1.0
1998	3198	1.0
1943	2184	1.0
1943	3116	1.0
1943	2036	1.0
1943	5150	1.0
1943	3190	1.0
1943	2009	1.0
1943	4314	1.0
1943	2107	1.0
1943	4126	1.0
1956	5091	1.0
2003	5081	1.0
2003	4780	1.0
2003	4726	1.0
2019	2481	1.0
2019	4159	1.0
2032	3158	1.0
2032	4439	1.0
1203	3076	1.0
1203	3134	1.0
1203	1750	1.0
1209	3337	1.0
1209	4207	1.0
1209	5241	1.0
1207	4322	1.0
1207	3519	1.0
1207	2741	1.0
1207	4987	1.0
1207	2261	1.0
1222	3962	1.0
1167	2405	1.0
1167	5067	1.0
1167	1286	1.0
1167	1552	1.0
1167	4562	1.0
1167	2586	1.0
1179	4132	1.0
1179	2635	1.0
1179	2679	1.0
1179	4511	1.0
1179	3711	1.0
1274	4426	1.0
1274	5122	1.0
1274	2129	1.0
1247	1634	1.0
1247	4835	1.0
1247	4517	1.0
1247	4838	1.0
1247	4304	1.0
1247	5149	1.0
1237	4282	1.0
1237	1963	1.0
1261	3005	1.0
1261	2766	1.0
1261	3671	1.0
1043	4712	1.0
1043	4233	1.0
1043	2867	1.0
1043	4991	1.0
1038	4122	1.0
1038	3822	1.0
1059	2486	1.0
1059	4839	1.0
1059	1193	1.0
1059	1459	1.0
1059	5174	1.0
1059	2495	1.0
1006	1508	1.0
1006	1805	1.0
113	3207	1.0
113	235	1.0
113	3955	1.0
113	4244	1.0
113	2744	1.0
113	2906	1.0
1146	3969	1.0
1146	4667	1.0
1146	3526	1.0
1146	4793	1.0
1151	4841	1.0
1072	3649	1.0
1072	3787	1.0
1083	1242	1.0
1083	1235	1.0
1083	4898	1.0
11	1348	1.0
11	554	1.0
11	4780	1.0
11	3151	1.0
11	2611	1.0
1100	3839	1.0
1100	1414	1.0
1100	2879	1.0
1525	2982	1.0
1525	3123	1.0
1525	2902	1.0
1525	1779	1.0
1525	4442	1.0
1527	1922	1.0
1527	4324	1.0
1527	3018	1.0
1527	5026	1.0
1527	2227	1.0
1479	5227	1.0
1479	3848	1.0
1479	1613	1.0
1472	5228	1.0
1472	2963	1.0
1594	3632	1.0
1594	4433	1.0
1594	3869	1.0
1586	2895	1.0
1586	4914	1.0
1610	2300	1.0
1610	4517	1.0
1555	2955	1.0
1555	2956	1.0
1555	2059	1.0
1555	3523	1.0
1555	2846	1.0
1555	1951	1.0
1555	4771	1.0
1555	4269	1.0
1555	4015	1.0
1555	4530	1.0
1555	3636	1.0
1555	3764	1.0
1555	3900	1.0
1555	4157	1.0
1555	4158	1.0
1555	3007	1.0
1555	4946	1.0
1555	2905	1.0
1555	1893	1.0
1555	3686	1.0
1555	2539	1.0
1555	2493	1.0
1555	3960	1.0
1555	1983	1.0
1573	2883	1.0
1573	4100	1.0
1579	4536	1.0
1579	2813	1.0
1356	3808	1.0
1356	3898	1.0
1343	1663	1.0
1343	1719	1.0
1342	3404	1.0
1342	1687	1.0
1365	2285	1.0
1365	4717	1.0
137	1719	1.0
137	1305	1.0
137	3582	1.0
137	3605	1.0
1319	2481	1.0
1319	5080	1.0
1319	3829	1.0
1319	4159	1.0
1318	5045	1.0
1318	4278	1.0
1318	2791	1.0
1313	1670	1.0
1313	4138	1.0
1313	3575	1.0
1313	3994	1.0
1313	1947	1.0
1313	3196	1.0
1329	2576	1.0
1329	4270	1.0
1336	1727	1.0
1336	4039	1.0
1433	2618	1.0
1433	2501	1.0
1428	5032	1.0
1428	5070	1.0
1428	2671	1.0
1428	4304	1.0
1428	1880	1.0
1428	3122	1.0
1428	4181	1.0
1428	2648	1.0
1428	2357	1.0
1441	2647	1.0
1380	4545	1.0
1380	2908	1.0
1380	2729	1.0
1381	4658	1.0
1381	2819	1.0
1381	4220	1.0
1381	2630	1.0
1397	4940	1.0
2234	4154	1.0
1403	2984	1.0
1403	3949	1.0
1406	3653	1.0
1413	4897	1.0
3050	5124	1.0
3050	5199	1.0
3077	4018	1.0
3083	4422	1.0
3032	3698	1.0
3035	4764	1.0
3035	3629	1.0
3037	3258	1.0
3037	5002	1.0
3129	3234	1.0
3129	4362	1.0
3129	3181	1.0
3129	3312	1.0
3129	5060	1.0
3119	4025	1.0
3091	4394	1.0
3091	4834	1.0
310	1609	1.0
310	4748	1.0
3100	3239	1.0
3086	3437	1.0
3105	4900	1.0
3105	3657	1.0
3105	3698	1.0
3114	5197	1.0
3114	4503	1.0
2894	4815	1.0
2894	4135	1.0
2892	4695	1.0
2890	3109	1.0
2890	4551	1.0
2856	2867	1.0
2848	2955	1.0
2848	3519	1.0
2847	4346	1.0
2978	3506	1.0
297	1217	1.0
297	4227	1.0
2991	5235	1.0
2932	4745	1.0
2932	4756	1.0
2932	3957	1.0
2954	3388	1.0
2954	4826	1.0
3356	5197	1.0
3356	3959	1.0
3356	5147	1.0
3352	4738	1.0
3352	4133	1.0
335	4546	1.0
335	3691	1.0
335	1180	1.0
3367	4610	1.0
3367	4062	1.0
3317	4471	1.0
3319	4077	1.0
333	1394	1.0
333	2703	1.0
333	782	1.0
333	639	1.0
3435	3466	1.0
3435	4653	1.0
3435	4890	1.0
3446	4306	1.0
3446	4818	1.0
3448	4104	1.0
3448	5021	1.0
3453	4824	1.0
3395	4881	1.0
339	4018	1.0
3387	5181	1.0
3387	4774	1.0
3405	4344	1.0
3407	4797	1.0
3407	4990	1.0
3201	3203	1.0
3201	3415	1.0
3201	4304	1.0
3201	4321	1.0
3193	3436	1.0
3218	3896	1.0
3218	4589	1.0
3229	4620	1.0
3231	4927	1.0
3155	4940	1.0
3155	3711	1.0
3176	3699	1.0
3184	3372	1.0
3184	5206	1.0
328	1009	1.0
328	4246	1.0
3274	5069	1.0
3271	4709	1.0
3271	4487	1.0
3303	3463	1.0
325	3281	1.0
325	3740	1.0
325	2270	1.0
2843	3338	1.0
2843	4495	1.0
2436	4883	1.0
2436	4068	1.0
2435	5064	1.0
2435	4666	1.0
2430	4874	1.0
2430	2512	1.0
2430	2605	1.0
2408	3746	1.0
2408	3494	1.0
2408	2673	1.0
2419	2833	1.0
2419	4956	1.0
2422	2952	1.0
2422	4303	1.0
2502	5045	1.0
2502	4343	1.0
2524	4883	1.0
2524	4251	1.0
2524	4895	1.0
253	2057	1.0
253	1364	1.0
2530	5011	1.0
2530	4372	1.0
2483	3254	1.0
2483	3886	1.0
2476	4899	1.0
2476	2812	1.0
2475	3292	1.0
2475	2518	1.0
2282	4480	1.0
2286	2953	1.0
2279	4298	1.0
2298	3134	1.0
2298	3553	1.0
2301	3686	1.0
227	4946	1.0
227	1396	1.0
227	247	1.0
2367	3492	1.0
2367	4870	1.0
2379	3508	1.0
2379	3992	1.0
2379	2687	1.0
2379	3261	1.0
2379	3262	1.0
2387	3780	1.0
2387	3992	1.0
2319	2752	1.0
2319	3807	1.0
2331	3361	1.0
2331	2343	1.0
2331	2332	1.0
2331	5149	1.0
2335	3299	1.0
2735	2950	1.0
2733	4501	1.0
2755	3982	1.0
2755	4374	1.0
2701	2749	1.0
2701	3654	1.0
2709	4131	1.0
2709	5029	1.0
2709	4140	1.0
2709	5066	1.0
2709	3859	1.0
2709	3450	1.0
2709	2863	1.0
2711	5085	1.0
2711	3925	1.0
2711	4987	1.0
2711	4522	1.0
2723	5229	1.0
2723	4506	1.0
2723	3514	1.0
2811	3916	1.0
2811	4942	1.0
2811	4376	1.0
2807	4779	1.0
2807	3593	1.0
2807	4258	1.0
2781	4677	1.0
2800	3968	1.0
2800	3658	1.0
2591	5205	1.0
2591	2613	1.0
2596	5212	1.0
2596	5222	1.0
2599	4553	1.0
2599	2867	1.0
2599	4233	1.0
2599	4408	1.0
2554	2695	1.0
2554	5007	1.0
2545	5012	1.0
2545	3740	1.0
2672	4486	1.0
2668	4490	1.0
2668	2799	1.0
2668	3490	1.0
2668	4935	1.0
2668	4910	1.0
2668	4913	1.0
2668	3527	1.0
2668	3530	1.0
2668	2764	1.0
2668	5207	1.0
2668	3683	1.0
2668	2917	1.0
2668	3577	1.0
2684	4909	1.0
2685	2957	1.0
2610	3293	1.0
2610	4973	1.0
2621	4197	1.0
