id:int64	feature:string
4455	4455
4798	4798
4865	4865
1352	1352
1616	1616
1493	1493
1831	1831
3771	3771
4019	4019
3834	3834
3960	3960
543	543
545	545
2046	2046
4938	4938
2054	2054
2896	2896
2614	2614
4988	4988
4280	4280
4434	4434
2322	2322
3684	3684
4468	4468
4919	4919
2252	2252
2540	2540
1836	1836
4009	4009
1775	1775
2318	2318
1777	1777
2774	2774
2714	2714
3251	3251
1964	1964
2806	2806
267	267
1234	1234
2910	2910
3485	3485
2726	2726
4643	4643
1231	1231
2241	2241
1120	1120
1387	1387
3335	3335
4657	4657
881	881
2603	2603
1089	1089
2583	2583
912	912
1228	1228
111	111
4243	4243
132	132
4773	4773
1004	1004
4436	4436
725	725
3752	3752
3468	3468
4205	4205
4209	4209
4247	4247
3308	3308
4494	4494
4176	4176
418	418
4185	4185
419	419
4157	4157
4492	4492
3544	3544
4377	4377
4381	4381
3507	3507
4435	4435
4421	4421
4425	4425
4445	4445
4399	4399
4465	4465
4283	4283
3476	3476
434	434
4311	4311
3512	3512
3479	3479
3480	3480
3827	3827
3825	3825
3655	3655
3623	3623
3873	3873
3845	3845
3846	3846
3722	3722
3724	3724
3738	3738
3693	3693
3773	3773
3778	3778
378	378
3665	3665
3791	3791
375	375
3751	3751
3762	3762
403	403
4043	4043
4002	4002
3588	3588
4022	4022
4023	4023
3564	3564
4073	4073
3577	3577
3935	3935
3972	3972
3590	3590
3956	3956
396	396
3963	3963
3964	3964
581	581
600	600
534	534
564	564
568	568
655	655
627	627
5155	5155
5112	5112
5129	5129
5216	5216
5239	5239
5173	5173
5180	5180
5192	5192
5201	5201
899	899
890	890
908	908
919	919
846	846
843	843
920	920
877	877
961	961
925	925
928	928
949	949
951	951
70	70
710	710
829	829
83	83
830	830
780	780
781	781
4719	4719
4725	4725
4727	4727
4731	4731
4690	4690
4692	4692
4799	4799
4754	4754
4742	4742
4753	4753
4762	4762
4538	4538
4516	4516
4509	4509
4532	4532
4637	4637
4652	4652
4579	4579
46	46
4601	4601
5006	5006
5005	5005
4998	4998
5020	5020
4964	4964
4975	4975
4974	4974
4962	4962
4957	4957
5027	5027
4986	4986
5083	5083
5050	5050
4863	4863
4864	4864
4846	4846
4880	4880
4836	4836
4933	4933
4920	4920
4945	4945
4948	4948
4954	4954
4884	4884
4887	4887
489	489
4892	4892
4894	4894
4912	4912
1844	1844
177	177
1767	1767
1794	1794
180	180
1802	1802
1907	1907
1896	1896
1891	1891
1916	1916
1927	1927
186	186
1866	1866
1882	1882
1675	1675
1643	1643
1746	1746
175	175
1722	1722
2200	2200
2174	2174
2179	2179
1976	1976
1975	1975
199	199
1998	1998
1943	1943
1937	1937
1956	1956
2050	2050
2003	2003
2019	2019
2032	2032
1203	1203
1209	1209
1207	1207
1222	1222
1167	1167
1179	1179
1274	1274
1247	1247
1237	1237
1261	1261
1043	1043
1038	1038
1059	1059
1006	1006
113	113
1146	1146
1151	1151
1072	1072
1083	1083
11	11
1100	1100
1513	1513
1525	1525
1527	1527
1479	1479
1472	1472
1594	1594
1586	1586
1610	1610
1555	1555
1573	1573
1574	1574
1579	1579
1356	1356
1343	1343
1342	1342
1365	1365
137	137
1319	1319
1318	1318
1313	1313
1329	1329
1336	1336
1433	1433
1428	1428
1441	1441
1380	1380
1381	1381
1397	1397
2234	2234
1403	1403
1406	1406
1413	1413
3050	3050
3065	3065
3072	3072
3077	3077
3083	3083
3032	3032
3035	3035
3037	3037
3129	3129
3119	3119
3143	3143
3091	3091
310	310
3100	3100
3086	3086
3105	3105
3114	3114
2894	2894
2892	2892
2890	2890
2856	2856
2853	2853
2848	2848
2847	2847
2884	2884
2978	2978
297	297
2991	2991
2932	2932
2954	2954
3356	3356
3352	3352
3351	3351
335	335
3367	3367
3378	3378
3317	3317
3319	3319
3311	3311
333	333
3340	3340
3435	3435
3446	3446
3448	3448
3453	3453
3395	3395
3399	3399
339	339
3389	3389
3387	3387
3386	3386
3405	3405
3407	3407
3413	3413
3206	3206
3201	3201
3193	3193
3218	3218
3229	3229
3231	3231
3155	3155
3176	3176
3184	3184
3286	3286
328	328
3274	3274
3271	3271
3303	3303
325	325
2843	2843
2436	2436
2435	2435
2430	2430
2457	2457
2408	2408
2419	2419
2422	2422
2502	2502
2524	2524
253	253
2530	2530
2483	2483
2476	2476
2475	2475
2282	2282
2286	2286
2279	2279
2298	2298
2301	2301
2246	2246
2268	2268
227	227
2367	2367
2379	2379
2387	2387
2319	2319
2331	2331
2335	2335
2735	2735
2733	2733
2730	2730
2755	2755
2701	2701
2709	2709
2693	2693
2711	2711
2723	2723
2811	2811
2807	2807
2781	2781
2800	2800
2587	2587
2591	2591
2596	2596
2599	2599
2554	2554
2545	2545
2568	2568
2672	2672
2668	2668
2684	2684
2685	2685
2610	2610
2621	2621
