id:int64
4455
1352
1493
3771
3834
543
2046
2614
4280
1836
1775
1777
2714
267
2726
1120
3335
881
912
1004
725
4205
4247
4494
4157
4377
4381
3507
4435
4421
4399
4465
4283
3476
3479
3480
3827
3825
3623
3845
3846
3722
3724
3693
3773
3778
3762
403
4043
4002
3588
4022
3972
3590
3956
3964
627
5149
5155
5129
5216
5239
5173
5180
5192
890
919
877
925
949
70
829
830
781
4719
4727
4731
4690
4799
4754
4742
4753
4762
4538
4509
4532
4637
5006
4975
4962
5027
5083
4863
4864
4846
4880
4835
4836
4933
4920
4945
4948
4954
4884
4887
177
1767
1794
1907
1891
1916
1643
1746
1745
2200
2174
1975
1943
1937
1956
2050
2003
2019
2032
1209
1207
1222
1179
1274
1237
1261
1043
113
1146
1151
1072
11
1479
1472
1586
1343
1342
1365
1329
1433
1441
1381
1397
2234
1400
1406
3077
3032
3035
3119
3143
3091
310
3100
3086
3105
3114
2894
2892
2890
2856
2848
2847
2884
2954
2956
3356
3352
3351
3367
3378
3319
333
3340
3446
3448
3453
3389
3386
3405
3407
3413
3201
3193
3218
3229
3156
3155
3176
3286
3271
3303
2843
2436
2457
2502
253
2530
2478
2476
2282
2279
2298
2246
227
2379
2387
2319
2335
2735
2733
2730
2755
2711
2723
2811
2781
2799
2587
2591
2568
2672
2685
2610
2621
