src_id:int64	dst_id:int64	weight:double
558	2820	1.0
558	2565	1.0
558	4614	1.0
558	4233	1.0
558	1986	1.0
558	1813	1.0
558	5148	1.0
558	3746	1.0
558	676	1.0
558	934	1.0
558	2599	1.0
558	682	1.0
558	4694	1.0
558	3629	1.0
558	2867	1.0
558	3892	1.0
558	1974	1.0
558	4681	1.0
558	4408	1.0
558	2489	1.0
558	4282	1.0
558	3771	1.0
558	4981	1.0
558	5056	1.0
558	2242	1.0
558	4601	1.0
558	1605	1.0
558	4167	1.0
558	1352	1.0
558	4553	1.0
558	3778	1.0
558	845	1.0
558	598	1.0
558	4153	1.0
558	600	1.0
558	3044	1.0
558	4058	1.0
558	932	1.0
558	4188	1.0
558	4324	1.0
558	3238	1.0
558	3494	1.0
558	1724	1.0
558	1387	1.0
558	4023	1.0
558	1270	1.0
558	1400	1.0
558	2553	1.0
3238	4324	1.0
3238	3738	1.0
3238	3771	1.0
3238	4188	1.0
1983	2955	1.0
1983	3097	1.0
1983	2846	1.0
1983	4771	1.0
1983	4269	1.0
1983	2862	1.0
1983	4015	1.0
1983	4530	1.0
1983	3636	1.0
1983	3255	1.0
1983	3764	1.0
1983	3900	1.0
1983	4157	1.0
1983	4158	1.0
1983	3007	1.0
1983	2059	1.0
1983	4946	1.0
1983	2905	1.0
1983	3686	1.0
1983	2539	1.0
1983	2493	1.0
1983	3960	1.0
1983	3834	1.0
2846	2955	1.0
2846	3097	1.0
2846	4269	1.0
2846	4015	1.0
2846	3636	1.0
2846	3255	1.0
2846	3764	1.0
2846	4158	1.0
2846	3523	1.0
2846	2905	1.0
2846	3960	1.0
2846	3834	1.0
3426	4230	1.0
3426	3690	1.0
3426	4695	1.0
3426	4127	1.0
784	2774	1.0
784	974	1.0
974	4131	1.0
974	2195	1.0
974	3796	1.0
974	4140	1.0
974	5066	1.0
974	5029	1.0
974	1964	1.0
974	975	1.0
974	1170	1.0
974	3859	1.0
974	3957	1.0
974	4695	1.0
974	1369	1.0
974	3450	1.0
974	2709	1.0
3223	4136	1.0
3223	4134	1.0
3223	4063	1.0
4063	4134	1.0
4063	4557	1.0
4063	5142	1.0
4063	4313	1.0
4063	4606	1.0
3530	4490	1.0
3530	4935	1.0
3530	4913	1.0
3530	3531	1.0
3530	5207	1.0
3530	3683	1.0
3530	3577	1.0
4184	4413	1.0
4184	4542	1.0
4184	5056	1.0
4184	4570	1.0
4184	4192	1.0
4184	4601	1.0
4184	4735	1.0
4184	4479	1.0
3501	3778	1.0
3501	3892	1.0
3501	4681	1.0
3501	4408	1.0
3501	4153	1.0
3501	5056	1.0
3501	4601	1.0
3501	4167	1.0
3501	4553	1.0
3501	4023	1.0
3501	4058	1.0
3501	4981	1.0
4403	5059	1.0
4403	4533	1.0
4403	5051	1.0
4304	4629	1.0
4304	4630	1.0
4304	4835	1.0
4321	4738	1.0
3675	4674	1.0
3675	4936	1.0
3675	3794	1.0
3675	4960	1.0
3675	3963	1.0
3608	4583	1.0
3608	3792	1.0
3608	3735	1.0
3608	4542	1.0
3928	5051	1.0
3928	4995	1.0
3928	4533	1.0
3994	4421	1.0
3994	4494	1.0
3994	4533	1.0
662	2560	1.0
662	1410	1.0
662	4490	1.0
662	1042	1.0
662	1562	1.0
662	2799	1.0
662	3490	1.0
662	4935	1.0
662	1324	1.0
662	4910	1.0
662	4913	1.0
662	1714	1.0
662	1334	1.0
662	3527	1.0
662	3531	1.0
662	2764	1.0
662	5207	1.0
662	2656	1.0
662	3683	1.0
662	998	1.0
662	2668	1.0
662	751	1.0
662	755	1.0
662	757	1.0
662	1526	1.0
662	3577	1.0
662	1915	1.0
662	1277	1.0
616	3971	1.0
616	724	1.0
616	1351	1.0
616	4404	1.0
616	746	1.0
616	3115	1.0
616	1882	1.0
616	4088	1.0
616	2575	1.0
616	3791	1.0
616	4241	1.0
616	2868	1.0
616	2479	1.0
616	1464	1.0
616	721	1.0
616	1309	1.0
616	2936	1.0
616	2399	1.0
87	4583	1.0
87	933	1.0
87	1415	1.0
87	2824	1.0
87	1673	1.0
87	363	1.0
87	3596	1.0
87	3792	1.0
87	785	1.0
87	214	1.0
87	3735	1.0
87	3512	1.0
87	4542	1.0
84	676	1.0
84	133	1.0
84	4553	1.0
84	4019	1.0
84	4233	1.0
84	3771	1.0
84	2332	1.0
84	2491	1.0
4712	5047	1.0
4712	4752	1.0
4791	5105	1.0
4791	5142	1.0
4580	4695	1.0
4587	4650	1.0
4587	4816	1.0
4587	5110	1.0
4587	4727	1.0
4826	4884	1.0
4826	4892	1.0
4937	4960	1.0
4885	5196	1.0
4885	4943	1.0
1834	1959	1.0
1834	4969	1.0
1834	3946	1.0
1834	3346	1.0
1834	1874	1.0
1834	3964	1.0
1902	3588	1.0
1902	2213	1.0
1902	4940	1.0
1902	3714	1.0
1902	2462	1.0
1902	3076	1.0
1902	4575	1.0
1854	5027	1.0
1854	4745	1.0
1854	4756	1.0
1854	2932	1.0
1854	3957	1.0
1854	4884	1.0
2137	2181	1.0
2137	4323	1.0
2137	3434	1.0
2137	4785	1.0
2137	2322	1.0
2137	4579	1.0
2137	3811	1.0
2137	2618	1.0
2092	2115	1.0
2092	4934	1.0
2092	2730	1.0
2092	4383	1.0
211	321	1.0
211	4776	1.0
211	2955	1.0
211	3629	1.0
211	4912	1.0
211	731	1.0
211	668	1.0
211	3935	1.0
1988	2085	1.0
1988	4999	1.0
1988	2193	1.0
1934	2181	1.0
1934	2054	1.0
1934	3978	1.0
1934	4753	1.0
1934	4754	1.0
1934	4246	1.0
1934	5017	1.0
1934	2726	1.0
1934	4785	1.0
1934	4681	1.0
1934	4540	1.0
1934	2754	1.0
1934	4294	1.0
1934	5193	1.0
1934	3181	1.0
1934	3694	1.0
1934	2674	1.0
1934	2676	1.0
1934	2038	1.0
1934	4607	1.0
1934	2813	1.0
1934	5119	1.0
120	4962	1.0
120	3400	1.0
120	3337	1.0
120	4746	1.0
120	696	1.0
120	4207	1.0
120	2481	1.0
120	919	1.0
120	1209	1.0
120	379	1.0
1192	4776	1.0
1192	2955	1.0
1192	1476	1.0
1192	2515	1.0
1192	3893	1.0
1192	4892	1.0
1192	1501	1.0
1298	2955	1.0
1298	2956	1.0
1298	2059	1.0
1298	1555	1.0
1298	3097	1.0
1298	2846	1.0
1298	1951	1.0
1298	4771	1.0
1298	4269	1.0
1298	2862	1.0
1298	4015	1.0
1298	4530	1.0
1298	1331	1.0
1298	3636	1.0
1298	3255	1.0
1298	3900	1.0
1298	2493	1.0
1298	4158	1.0
1298	3007	1.0
1298	1475	1.0
1298	3523	1.0
1298	4946	1.0
1298	2905	1.0
1298	1502	1.0
1298	1893	1.0
1298	3686	1.0
1298	2539	1.0
1298	1782	1.0
1298	3960	1.0
1298	3834	1.0
1298	1983	1.0
1049	3732	1.0
1049	1848	1.0
1475	2955	1.0
1475	2956	1.0
1475	1555	1.0
1475	3097	1.0
1475	2846	1.0
1475	1951	1.0
1475	4771	1.0
1475	4269	1.0
1475	2862	1.0
1475	4015	1.0
1475	4530	1.0
1475	3764	1.0
1475	3255	1.0
1475	3900	1.0
1475	4157	1.0
1475	4158	1.0
1475	3007	1.0
1475	2059	1.0
1475	3523	1.0
1475	4946	1.0
1475	2905	1.0
1475	1502	1.0
1475	1893	1.0
1475	3686	1.0
1475	2539	1.0
1475	2493	1.0
1475	3960	1.0
1475	3834	1.0
1470	5070	1.0
1470	4181	1.0
1470	5083	1.0
1470	1949	1.0
1470	4574	1.0
1492	4455	1.0
1492	4574	1.0
1494	1724	1.0
1494	4534	1.0
1494	3081	1.0
1494	2403	1.0
1494	5004	1.0
1494	2829	1.0
1494	3406	1.0
1494	1583	1.0
1494	2993	1.0
1494	4593	1.0
1494	2023	1.0
1494	2774	1.0
1494	4540	1.0
1494	2970	1.0
1345	3907	1.0
1345	3867	1.0
1345	2090	1.0
1345	3623	1.0
1345	4735	1.0
1345	1907	1.0
1345	1497	1.0
1345	4570	1.0
1345	2267	1.0
1345	2556	1.0
1345	4413	1.0
1345	4542	1.0
1345	4479	1.0
1368	3753	1.0
1368	4333	1.0
1368	5005	1.0
1368	5074	1.0
1309	5006	1.0
1309	2575	1.0
1309	4241	1.0
1309	4404	1.0
1309	3115	1.0
1309	2479	1.0
1309	2868	1.0
1309	1464	1.0
1309	1351	1.0
1309	3791	1.0
1309	2936	1.0
1309	1882	1.0
1309	2399	1.0
1309	2928	1.0
1309	4088	1.0
3018	4324	1.0
3018	4455	1.0
3018	5049	1.0
3018	4725	1.0
3026	3972	1.0
3026	3462	1.0
3026	4420	1.0
3026	4029	1.0
3124	4517	1.0
3124	4998	1.0
3124	4681	1.0
3124	4170	1.0
3124	3450	1.0
3124	4510	1.0
3097	3523	1.0
3097	4771	1.0
3097	4015	1.0
3097	4530	1.0
3097	3636	1.0
3097	3255	1.0
3097	3764	1.0
3097	3900	1.0
3097	4157	1.0
3097	4946	1.0
3097	3686	1.0
3097	3960	1.0
3097	3834	1.0
2902	3123	1.0
2902	2932	1.0
2902	4442	1.0
2903	3166	1.0
2903	4488	1.0
2903	3237	1.0
2903	3273	1.0
2903	4022	1.0
2903	4409	1.0
2903	4510	1.0
2887	3338	1.0
2887	3095	1.0
2887	3096	1.0
2887	3105	1.0
2887	5038	1.0
2887	3639	1.0
2887	4924	1.0
2887	3912	1.0
2887	3789	1.0
2887	3679	1.0
2887	3826	1.0
2905	2956	1.0
2905	4771	1.0
2905	2955	1.0
2905	4015	1.0
2905	4530	1.0
2905	3636	1.0
2905	3255	1.0
2905	3764	1.0
2905	3900	1.0
2905	4157	1.0
2905	4158	1.0
2905	3007	1.0
2905	3523	1.0
2905	4946	1.0
2905	3686	1.0
2905	3960	1.0
2905	3834	1.0
2917	4490	1.0
2917	3490	1.0
2917	4935	1.0
2917	4910	1.0
2917	4913	1.0
2917	3527	1.0
2917	3530	1.0
2917	3531	1.0
2917	3683	1.0
2917	3577	1.0
2982	3123	1.0
2982	4442	1.0
2967	4096	1.0
2967	4761	1.0
2990	4839	1.0
2990	3479	1.0
294	2676	1.0
294	4692	1.0
294	1435	1.0
294	4540	1.0
294	1565	1.0
2936	3971	1.0
2936	4404	1.0
2936	3115	1.0
2936	5006	1.0
2936	4241	1.0
2936	4088	1.0
2936	3791	1.0
3349	4205	1.0
3349	4759	1.0
3349	4003	1.0
3368	4644	1.0
3368	4650	1.0
3368	4816	1.0
3368	5110	1.0
3368	4727	1.0
3391	3722	1.0
3391	5142	1.0
3207	4467	1.0
3207	4121	1.0
3207	4953	1.0
3207	3833	1.0
3173	3753	1.0
3173	5074	1.0
3173	5005	1.0
3151	4769	1.0
3151	4456	1.0
3151	4508	1.0
3151	3405	1.0
3151	3759	1.0
3151	4920	1.0
3151	4892	1.0
3261	4357	1.0
3261	3590	1.0
3261	3992	1.0
2404	4810	1.0
2404	4399	1.0
2404	2511	1.0
2507	2978	1.0
2507	3211	1.0
2507	3506	1.0
2487	4390	1.0
2487	2641	1.0
2487	4978	1.0
2487	4468	1.0
2487	4917	1.0
2487	4599	1.0
2487	3992	1.0
2277	2822	1.0
2277	3778	1.0
2277	4233	1.0
2277	5148	1.0
2277	3044	1.0
2277	2465	1.0
2277	3494	1.0
2277	3501	1.0
2277	2867	1.0
2277	3892	1.0
2277	4553	1.0
2277	4408	1.0
2277	2489	1.0
2277	4282	1.0
2277	5056	1.0
2277	4167	1.0
2277	4681	1.0
2277	4023	1.0
2277	2901	1.0
2277	4153	1.0
2277	4058	1.0
2277	4324	1.0
2277	4981	1.0
2277	4601	1.0
2243	3146	1.0
2243	4493	1.0
2243	2671	1.0
2243	4383	1.0
2243	2843	1.0
2243	5194	1.0
2347	4810	1.0
2347	4399	1.0
2347	2511	1.0
2766	2955	1.0
2766	4532	1.0
2766	4468	1.0
2766	3005	1.0
2707	4489	1.0
2707	4652	1.0
2707	5076	1.0
2707	4696	1.0
2822	4233	1.0
2822	3778	1.0
2822	3044	1.0
2822	2867	1.0
2822	4153	1.0
2822	4282	1.0
2822	5056	1.0
2822	4167	1.0
2822	4553	1.0
2822	4023	1.0
2822	4601	1.0
2822	4324	1.0
2822	3494	1.0
2833	3077	1.0
2833	3605	1.0
2833	3751	1.0
2833	3893	1.0
2833	3008	1.0
2833	4422	1.0
2833	3660	1.0
2833	4068	1.0
2833	4839	1.0
2833	4209	1.0
2586	3138	1.0
2586	3142	1.0
2586	5067	1.0
2586	4690	1.0
2586	3381	1.0
2586	3771	1.0
2586	2813	1.0
2582	4356	1.0
2582	4157	1.0
2574	4453	1.0
2574	3532	1.0
2574	4493	1.0
2574	3693	1.0
2574	3568	1.0
2574	3764	1.0
255	1984	1.0
255	930	1.0
255	1603	1.0
255	4774	1.0
255	3435	1.0
255	4661	1.0
255	2841	1.0
2541	4034	1.0
2541	2543	1.0
2541	5117	1.0
2673	2915	1.0
2673	4614	1.0
2673	3771	1.0
2673	4095	1.0
2634	2859	1.0
2634	4785	1.0
2634	3448	1.0
2634	5021	1.0
