id:int64	feature:string
558	558
3238	3238
1983	1983
2846	2846
3426	3426
4230	4230
784	784
974	974
3223	3223
4063	4063
3530	3530
4184	4184
3501	3501
4403	4403
4304	4304
4321	4321
3675	3675
3608	3608
3928	3928
3994	3994
662	662
616	616
5177	5177
87	87
84	84
4712	4712
4791	4791
4580	4580
4587	4587
4596	4596
4958	4958
4987	4987
4826	4826
4937	4937
4885	4885
1834	1834
1902	1902
1854	1854
2137	2137
2092	2092
211	211
1988	1988
1934	1934
120	120
1192	1192
1298	1298
1049	1049
1475	1475
1470	1470
1492	1492
1494	1494
1345	1345
1368	1368
1309	1309
3018	3018
3026	3026
3124	3124
3097	3097
2902	2902
2903	2903
2887	2887
2905	2905
2917	2917
2982	2982
2967	2967
2990	2990
294	294
2936	2936
3349	3349
3368	3368
3391	3391
3207	3207
3173	3173
3151	3151
3261	3261
2404	2404
2507	2507
2487	2487
2277	2277
2243	2243
2347	2347
2766	2766
2707	2707
2822	2822
2833	2833
2586	2586
2582	2582
2574	2574
255	255
2541	2541
2673	2673
2634	2634
